2019-07-07 00:01 0 0 0 0 0 -100 0 1 2500 8000
2019-07-07 00:02 0 0 0 0 0 -100 0 1 2500 8000
2019-07-07 00:03 0 0 0 0 0 -100 0 1 2500 8000
2019-07-07 00:04 0 0 0 0 0 -100 0 1 2500 8000
2019-07-07 00:05 0 0 0 0 0 -100 0 1 2500 8000
2019-07-07 00:06 0 0 0 0 0 -100 0 1 2500 8000
2019-07-07 00:07 0 0 0 0 0 -100 0 1 2500 8000
2019-07-07 00:08 0 0 0 0 0 -100 0 1 2500 8000
2019-07-07 00:09 0 0 0 0 0 -100 0 1 2500 8000
2019-07-07 00:10 0 0 0 0 0 -100 0 1 2500 8000
2019-07-07 00:11 0 0 0 0 0 -100 0 1 2500 8000
2019-07-07 00:12 0 0 0 0 0 -100 0 1 2500 8000
2019-07-07 00:13 0 0 0 0 0 -100 0 1 2500 8000
2019-07-07 00:14 0 0 0 0 0 -100 0 1 2500 8000
2019-07-07 00:15 0 0 0 0 0 -100 0 1 2500 8000
2019-07-07 00:16 0 0 0 0 0 -100 0 1 2500 8000
2019-07-07 00:17 0 0 0 0 0 -100 0 1 2500 8000
2019-07-07 00:18 0 0 0 0 0 -100 0 1 2500 8000
2019-07-07 00:19 0 0 0 0 0 -100 0 1 2500 8000
2019-07-07 00:20 0 0 0 0 0 -100 0 1 2500 8000
2019-07-07 00:21 0 0 0 0 0 -100 0 1 2500 8000
2019-07-07 00:22 0 0 0 0 0 -100 0 1 2500 8000
2019-07-07 00:23 0 0 0 0 0 -100 0 1 2500 8000
2019-07-07 00:24 0 0 0 0 0 -100 0 1 2500 8000
2019-07-07 00:25 0 0 0 0 0 -100 0 1 2500 8000
2019-07-07 00:26 0 0 0 0 0 -100 0 1 2500 8000
2019-07-07 00:27 0 0 0 0 0 -100 0 1 2500 8000
2019-07-07 00:28 0 0 0 0 0 -100 0 1 2500 8000
2019-07-07 00:29 0 0 0 0 0 -100 0 1 2500 8000
2019-07-07 00:30 0 0 0 0 0 -100 0 1 2500 8000
2019-07-07 00:31 0 0 0 0 0 -100 0 1 2500 8000
2019-07-07 00:32 0 0 0 0 0 -100 0 1 2500 8000
2019-07-07 00:33 0 0 0 0 0 -100 0 1 2500 8000
2019-07-07 00:34 0 0 0 0 0 -100 0 1 2500 8000
2019-07-07 00:35 0 0 0 0 0 -100 0 1 2500 8000
2019-07-07 00:36 0 0 0 0 0 -100 0 1 2500 8000
2019-07-07 00:37 0 0 0 0 0 -100 0 1 2500 8000
2019-07-07 00:38 0 0 0 0 0 -100 0 1 2500 8000
2019-07-07 00:39 0 0 0 0 0 -100 0 1 2500 8000
2019-07-07 00:40 0 0 0 0 0 -100 0 1 2500 8000
2019-07-07 00:41 0 0 0 0 0 -100 0 1 2500 8000
2019-07-07 00:42 0 0 0 0 0 -100 0 1 2500 8000
2019-07-07 00:43 0 0 0 0 0 -100 0 1 2500 8000
2019-07-07 00:44 0 0 0 0 0 -100 0 1 2500 8000
2019-07-07 00:45 0 0 0 0 0 -100 0 1 2500 8000
2019-07-07 00:46 0 0 0 0 0 -100 0 1 2500 8000
2019-07-07 00:47 0 0 0 0 0 -100 0 1 2500 8000
2019-07-07 00:48 0 0 0 0 0 -100 0 1 2500 8000
2019-07-07 00:49 0 0 0 0 0 -100 0 1 2500 8000
2019-07-07 00:50 0 0 0 0 0 -100 0 1 2500 8000
2019-07-07 00:51 0 0 0 0 0 -100 0 1 2500 8000
2019-07-07 00:52 0 0 0 0 0 -100 0 1 2500 8000
2019-07-07 00:53 0 0 0 0 0 -100 0 1 2500 8000
2019-07-07 00:54 0 0 0 0 0 -100 0 1 2500 8000
2019-07-07 00:55 0 0 0 0 0 -100 0 1 2500 8000
2019-07-07 00:56 0 0 0 0 0 -100 0 1 2500 8000
2019-07-07 00:57 0 0 0 0 0 -100 0 1 2500 8000
2019-07-07 00:58 0 0 0 0 0 -100 0 1 2500 8000
2019-07-07 00:59 0 0 0 0 0 -100 0 1 2500 8000
2019-07-07 01:00 0 0 0 0 0 -100 0 1 2500 8000
2019-07-07 01:01 0 0 0 0 0 -100 0 1 2500 8000
2019-07-07 01:02 0 0 0 0 0 -100 0 1 2500 8000
2019-07-07 01:03 0 0 0 0 0 -100 0 1 2500 8000
2019-07-07 01:04 0 0 0 0 0 -100 0 1 2500 8000
2019-07-07 01:05 0 0 0 0 0 -100 0 1 2500 8000
2019-07-07 01:06 0 0 0 0 0 -100 0 1 2500 8000
2019-07-07 01:07 0 0 0 0 0 -100 0 1 2500 8000
2019-07-07 01:08 0 0 0 0 0 -100 0 1 2500 8000
2019-07-07 01:09 0 0 0 0 0 -100 0 1 2500 8000
2019-07-07 01:10 0 0 0 0 0 -100 0 1 2500 8000
2019-07-07 01:11 0 0 0 0 0 -100 0 1 2500 8000
2019-07-07 01:12 0 0 0 0 0 -100 0 1 2500 8000
2019-07-07 01:13 0 0 0 0 0 -100 0 1 2500 8000
2019-07-07 01:14 0 0 0 0 0 -100 0 1 2500 8000
2019-07-07 01:15 0 0 0 0 0 -100 0 1 2500 8000
2019-07-07 01:16 0 0 0 0 0 -100 0 1 2500 8000
2019-07-07 01:17 0 0 0 0 0 -100 0 1 2500 8000
2019-07-07 01:18 0 0 0 0 0 -100 0 1 2500 8000
2019-07-07 01:19 0 0 0 0 0 -100 0 1 2500 8000
2019-07-07 01:20 0 0 0 0 0 -100 0 1 2500 8000
2019-07-07 01:21 0 0 0 0 0 -100 0 1 2500 8000
2019-07-07 01:22 0 0 0 0 0 -100 0 1 2500 8000
2019-07-07 01:23 0 0 0 0 0 -100 0 1 2500 8000
2019-07-07 01:24 0 0 0 0 0 -100 0 1 2500 8000
2019-07-07 01:25 0 0 0 0 0 -100 0 1 2500 8000
2019-07-07 01:26 0 0 0 0 0 -100 0 1 2500 8000
2019-07-07 01:27 0 0 0 0 0 -100 0 1 2500 8000
2019-07-07 01:28 0 0 0 0 0 -100 0 1 2500 8000
2019-07-07 01:29 0 0 0 0 0 -100 0 1 2500 8000
2019-07-07 01:30 0 0 0 0 0 -100 0 1 2500 8000
2019-07-07 01:31 0 0 0 0 0 -100 0 1 2500 8000
2019-07-07 01:32 0 0 0 0 0 -100 0 1 2500 8000
2019-07-07 01:33 0 0 0 0 0 -100 0 1 2500 8000
2019-07-07 01:34 0 0 0 0 0 -100 0 1 2500 8000
2019-07-07 01:35 0 0 0 0 0 -100 0 1 2500 8000
2019-07-07 01:36 0 0 0 0 0 -100 0 1 2500 8000
2019-07-07 01:37 0 0 0 0 0 -100 0 1 2500 8000
2019-07-07 01:38 0 0 0 0 0 -100 0 1 2500 8000
2019-07-07 01:39 0 0 0 0 0 -100 0 1 2500 8000
2019-07-07 01:40 0 0 0 0 0 -100 0 1 2500 8000
2019-07-07 01:41 0 0 0 0 0 -100 0 1 2500 8000
2019-07-07 01:42 0 0 0 0 0 -100 0 1 2500 8000
2019-07-07 01:43 0 0 0 0 0 -100 0 1 2500 8000
2019-07-07 01:44 0 0 0 0 0 -100 0 1 2500 8000
2019-07-07 01:45 0 0 0 0 0 -100 0 1 2500 8000
2019-07-07 01:46 0 0 0 0 0 -100 0 1 2500 8000
2019-07-07 01:47 0 0 0 0 0 -100 0 1 2500 8000
2019-07-07 01:48 0 0 0 0 0 -100 0 1 2500 8000
2019-07-07 01:49 0 0 0 0 0 -100 0 1 2500 8000
2019-07-07 01:50 0 0 0 0 0 -100 0 1 2500 8000
2019-07-07 01:51 0 0 0 0 0 -100 0 1 2500 8000
2019-07-07 01:52 0 0 0 0 0 -100 0 1 2500 8000
2019-07-07 01:53 0 0 0 0 0 -100 0 1 2500 8000
2019-07-07 01:54 0 0 0 0 0 -100 0 1 2500 8000
2019-07-07 01:55 0 0 0 0 0 -100 0 1 2500 8000
2019-07-07 01:56 0 0 0 0 0 -100 0 1 2500 8000
2019-07-07 01:57 0 0 0 0 0 -100 0 1 2500 8000
2019-07-07 01:58 0 0 0 0 0 -100 0 1 2500 8000
2019-07-07 01:59 0 0 0 0 0 -100 0 1 2500 8000
2019-07-07 02:00 0 0 0 0 0 -100 0 1 2500 8000
2019-07-07 02:01 0 0 0 0 0 -100 0 1 2500 8000
2019-07-07 02:02 0 0 0 0 0 -100 0 1 2500 8000
2019-07-07 02:03 0 0 0 0 0 -100 0 1 2500 8000
2019-07-07 02:04 0 0 0 0 0 -100 0 1 2500 8000
2019-07-07 02:05 0 0 0 0 0 -100 0 1 2500 8000
2019-07-07 02:06 0 0 0 0 0 -100 0 1 2500 8000
2019-07-07 02:07 0 0 0 0 0 -100 0 1 2500 8000
2019-07-07 02:08 0 0 0 0 0 -100 0 1 2500 8000
2019-07-07 02:09 0 0 0 0 0 -100 0 1 2500 8000
2019-07-07 02:10 0 0 0 0 0 -100 0 1 2500 8000
2019-07-07 02:11 0 0 0 0 0 -100 0 1 2500 8000
2019-07-07 02:12 0 0 0 0 0 -100 0 1 2500 8000
2019-07-07 02:13 0 0 0 0 0 -100 0 1 2500 8000
2019-07-07 02:14 0 0 0 0 0 -100 0 1 2500 8000
2019-07-07 02:15 0 0 0 0 0 -100 0 1 2500 8000
2019-07-07 02:16 0 0 0 0 0 -100 0 1 2500 8000
2019-07-07 02:17 0 0 0 0 0 -100 0 1 2500 8000
2019-07-07 02:18 0 0 0 0 0 -100 0 1 2500 8000
2019-07-07 02:19 0 0 0 0 0 -100 0 1 2500 8000
2019-07-07 02:20 0 0 0 0 0 -100 0 1 2500 8000
2019-07-07 02:21 0 0 0 0 0 -100 0 1 2500 8000
2019-07-07 02:22 0 0 0 0 0 -100 0 1 2500 8000
2019-07-07 02:23 0 0 0 0 0 -100 0 1 2500 8000
2019-07-07 02:24 0 0 0 0 0 -100 0 1 2500 8000
2019-07-07 02:25 0 0 0 0 0 -100 0 1 2500 8000
2019-07-07 02:26 0 0 0 0 0 -100 0 1 2500 8000
2019-07-07 02:27 0 0 0 0 0 -100 0 1 2500 8000
2019-07-07 02:28 0 0 0 0 0 -100 0 1 2500 8000
2019-07-07 02:29 0 0 0 0 0 -100 0 1 2500 8000
2019-07-07 02:30 0 0 0 0 0 -100 0 1 2500 8000
2019-07-07 02:31 0 0 0 0 0 -100 0 1 2500 8000
2019-07-07 02:32 0 0 0 0 0 -100 0 1 2500 8000
2019-07-07 02:33 0 0 0 0 0 -100 0 1 2500 8000
2019-07-07 02:34 0 0 0 0 0 -100 0 1 2500 8000
2019-07-07 02:35 0 0 0 0 0 -100 0 1 2500 8000
2019-07-07 02:36 0 0 0 0 0 -100 0 1 2500 8000
2019-07-07 02:37 0 0 0 0 0 -100 0 1 2500 8000
2019-07-07 02:38 0 0 0 0 0 -100 0 1 2500 8000
2019-07-07 02:39 0 0 0 0 0 -100 0 1 2500 8000
2019-07-07 02:40 0 0 0 0 0 -100 0 1 2500 8000
2019-07-07 02:41 0 0 0 0 0 -100 0 1 2500 8000
2019-07-07 02:42 0 0 0 0 0 -100 0 1 2500 8000
2019-07-07 02:43 0 0 0 0 0 -100 0 1 2500 8000
2019-07-07 02:44 0 0 0 0 0 -100 0 1 2500 8000
2019-07-07 02:45 0 0 0 0 0 -100 0 1 2500 8000
2019-07-07 02:46 0 0 0 0 0 -100 0 1 2500 8000
2019-07-07 02:47 0 0 0 0 0 -100 0 1 2500 8000
2019-07-07 02:48 0 0 0 0 0 -100 0 1 2500 8000
2019-07-07 02:49 0 0 0 0 0 -100 0 1 2500 8000
2019-07-07 02:50 0 0 0 0 0 -100 0 1 2500 8000
2019-07-07 02:51 0 0 0 0 0 -100 0 1 2500 8000
2019-07-07 02:52 0 0 0 0 0 -100 0 1 2500 8000
2019-07-07 02:53 0 0 0 0 0 -100 0 1 2500 8000
2019-07-07 02:54 0 0 0 0 0 -100 0 1 2500 8000
2019-07-07 02:55 0 0 0 0 0 -100 0 1 2500 8000
2019-07-07 02:56 0 0 0 0 0 -100 0 1 2500 8000
2019-07-07 02:57 0 0 0 0 0 -100 0 1 2500 8000
2019-07-07 02:58 0 0 0 0 0 -100 0 1 2500 8000
2019-07-07 02:59 0 0 0 0 0 -100 0 1 2500 8000
2019-07-07 03:00 0 0 0 0 0 -100 0 1 2500 8000
2019-07-07 03:01 0 0 0 0 0 -100 0 1 2500 8000
2019-07-07 03:02 0 0 0 0 0 -100 0 1 2500 8000
2019-07-07 03:03 0 0 0 0 0 -100 0 1 2500 8000
2019-07-07 03:04 0 0 0 0 0 -100 0 1 2500 8000
2019-07-07 03:05 0 0 0 0 0 -100 0 1 2500 8000
2019-07-07 03:06 0 0 0 0 0 -100 0 1 2500 8000
2019-07-07 03:07 0 0 0 0 0 -100 0 1 2500 8000
2019-07-07 03:08 0 0 0 0 0 -100 0 1 2500 8000
2019-07-07 03:09 0 0 0 0 0 -100 0 1 2500 8000
2019-07-07 03:10 0 0 0 0 0 -100 0 1 2500 8000
2019-07-07 03:11 0 0 0 0 0 -100 0 1 2500 8000
2019-07-07 03:12 0 0 0 0 0 -100 0 1 2500 8000
2019-07-07 03:13 0 0 0 0 0 -100 0 1 2500 8000
2019-07-07 03:14 0 0 0 0 0 -100 0 1 2500 8000
2019-07-07 03:15 0 0 0 0 0 -100 0 1 2500 8000
2019-07-07 03:16 0 0 0 0 0 -100 0 1 2500 8000
2019-07-07 03:17 0 0 0 0 0 -100 0 1 2500 8000
2019-07-07 03:18 0 0 0 0 0 -100 0 1 2500 8000
2019-07-07 03:19 0 0 0 0 0 -100 0 1 2500 8000
2019-07-07 03:20 0 0 0 0 0 -100 0 1 2500 8000
2019-07-07 03:21 0 0 0 0 0 -100 0 1 2500 8000
2019-07-07 03:22 0 0 0 0 0 -100 0 1 2500 8000
2019-07-07 03:23 0 0 0 0 0 -100 0 1 2500 8000
2019-07-07 03:24 0 0 0 0 0 -100 0 1 2500 8000
2019-07-07 03:25 0 0 0 0 0 -100 0 1 2500 8000
2019-07-07 03:26 0 0 0 0 0 -100 0 1 2500 8000
2019-07-07 03:27 0 0 0 0 0 -100 0 1 2500 8000
2019-07-07 03:28 0 0 0 0 0 -100 0 1 2500 8000
2019-07-07 03:29 0 0 0 0 0 -100 0 1 2500 8000
2019-07-07 03:30 0 0 0 0 0 -100 0 1 2500 8000
2019-07-07 03:31 0 0 0 0 0 -100 0 1 2500 8000
2019-07-07 03:32 0 0 0 0 0 -100 0 1 2500 8000
2019-07-07 03:33 0 0 0 0 0 -100 0 1 2500 8000
2019-07-07 03:34 0 0 0 0 0 -100 0 1 2500 8000
2019-07-07 03:35 0 0 0 0 0 -100 0 1 2500 8000
2019-07-07 03:36 0 0 0 0 0 -100 0 1 2500 8000
2019-07-07 03:37 0 0 0 0 0 -100 0 1 2500 8000
2019-07-07 03:38 0 0 0 0 0 -100 0 1 2500 8000
2019-07-07 03:39 0 0 0 0 0 -100 0 1 2500 8000
2019-07-07 03:40 0 0 0 0 0 -100 0 1 2500 8000
2019-07-07 03:41 0 0 0 0 0 -100 0 1 2500 8000
2019-07-07 03:42 0 0 0 0 0 -100 0 1 2500 8000
2019-07-07 03:43 0 0 0 0 0 -100 0 1 2500 8000
2019-07-07 03:44 0 0 0 0 0 -100 0 1 2500 8000
2019-07-07 03:45 0 0 0 0 0 -100 0 1 2500 8000
2019-07-07 03:46 0 0 0 0 0 -100 0 1 2500 8000
2019-07-07 03:47 0 0 0 0 0 -100 0 1 2500 8000
2019-07-07 03:48 0 0 0 0 0 -100 0 1 2500 8000
2019-07-07 03:49 0 0 0 0 0 -100 0 1 2500 8000
2019-07-07 03:50 0 0 0 0 0 -100 0 1 2500 8000
2019-07-07 03:51 0 0 0 0 0 -100 0 1 2500 8000
2019-07-07 03:52 0 0 0 0 0 -100 0 1 2500 8000
2019-07-07 03:53 0 0 0 0 0 -100 0 1 2500 8000
2019-07-07 03:54 0 0 0 0 0 -100 0 1 2500 8000
2019-07-07 03:55 0 0 0 0 0 -100 0 1 2500 8000
2019-07-07 03:56 0 0 0 0 0 -100 0 1 2500 8000
2019-07-07 03:57 0 0 0 0 0 -100 0 1 2500 8000
2019-07-07 03:58 0 0 0 0 0 -100 0 1 2500 8000
2019-07-07 03:59 0 0 0 0 0 -100 0 1 2500 8000
2019-07-07 04:00 0 0 0 0 0 -100 0 1 2500 8000
2019-07-07 04:01 0 0 0 0 0 -100 0 1 2500 8000
2019-07-07 04:02 0 0 0 0 0 -100 0 1 2500 8000
2019-07-07 04:03 0 0 0 0 0 -100 0 1 2500 8000
2019-07-07 04:04 0 0 0 0 0 -100 0 1 2500 8000
2019-07-07 04:05 0 0 0 0 0 -100 0 1 2500 8000
2019-07-07 04:06 0 0 0 0 0 -100 0 1 2500 8000
2019-07-07 04:07 0 0 0 0 0 -100 0 1 2500 8000
2019-07-07 04:08 0 0 0 0 0 -100 0 1 2500 8000
2019-07-07 04:09 0 0 0 0 0 -100 0 1 2500 8000
2019-07-07 04:10 0 0 0 0 0 -100 0 1 2500 8000
2019-07-07 04:11 0 0 0 0 0 -100 0 1 2500 8000
2019-07-07 04:12 0 0 0 0 0 -100 0 1 2500 8000
2019-07-07 04:13 0 0 0 0 0 -100 0 1 2500 8000
2019-07-07 04:14 0 0 0 0 0 -100 0 1 2500 8000
2019-07-07 04:15 0 0 0 0 0 -100 0 1 2500 8000
2019-07-07 04:16 0 0 0 0 0 -100 0 1 2500 8000
2019-07-07 04:17 0 0 0 0 0 -100 0 1 2500 8000
2019-07-07 04:18 0 0 0 0 0 -100 0 1 2500 8000
2019-07-07 04:19 0 0 0 0 0 -100 0 1 2500 8000
2019-07-07 04:20 0 0 0 0 0 -100 0 1 2500 8000
2019-07-07 04:21 0 0 0 0 0 -100 0 1 2500 8000
2019-07-07 04:22 0 0 0 0 0 -100 0 1 2500 8000
2019-07-07 04:23 0 0 0 0 0 -100 0 1 2500 8000
2019-07-07 04:24 0 0 0 0 0 -100 0 1 2500 8000
2019-07-07 04:25 0 0 0 0 0 -100 0 1 2500 8000
2019-07-07 04:26 0 0 0 0 0 -100 0 1 2500 8000
2019-07-07 04:27 0 0 0 0 0 -100 0 1 2500 8000
2019-07-07 04:28 0 0 0 0 0 -100 0 1 2500 8000
2019-07-07 04:29 0 0 0 0 0 -100 0 1 2500 8000
2019-07-07 04:30 0 0 0 0 0 -100 0 1 2500 8000
2019-07-07 04:31 0 0 0 0 0 -100 0 1 2500 8000
2019-07-07 04:32 0 0 0 0 0 -100 0 1 2500 8000
2019-07-07 04:33 0 0 0 0 0 -100 0 1 2500 8000
2019-07-07 04:34 0 0 0 0 0 -100 0 1 2500 8000
2019-07-07 04:35 0 0 0 0 0 -100 0 1 2500 8000
2019-07-07 04:36 0 0 0 0 0 -100 0 1 2500 8000
2019-07-07 04:37 0 0 0 0 0 -100 0 1 2500 8000
2019-07-07 04:38 0 0 0 0 0 -100 0 1 2500 8000
2019-07-07 04:39 0 0 0 0 0 -100 0 1 2500 8000
2019-07-07 04:40 0 0 0 0 0 -100 0 1 2500 8000
2019-07-07 04:41 0 0 0 0 0 -100 0 1 2500 8000
2019-07-07 04:42 0 0 0 0 0 -100 0 1 2500 8000
2019-07-07 04:43 0 0 0 0 0 -100 0 1 2500 8000
2019-07-07 04:44 0 0 0 0 0 -100 0 1 2500 8000
2019-07-07 04:45 0 0 0 0 0 -100 0 1 2500 8000
2019-07-07 04:46 0 0 0 0 0 -100 0 1 2500 8000
2019-07-07 04:47 0 0 0 0 0 -100 0 1 2500 8000
2019-07-07 04:48 0 0 0 0 0 -100 0 1 2500 8000
2019-07-07 04:49 0 0 0 0 0 -100 0 1 2500 8000
2019-07-07 04:50 0 0 0 0 0 -100 0 1 2500 8000
2019-07-07 04:51 0 0 0 0 0 -100 0 1 2500 8000
2019-07-07 04:52 0 0 0 0 0 -100 0 1 2500 8000
2019-07-07 04:53 0 0 0 0 0 -100 0 1 2500 8000
2019-07-07 04:54 0 0 0 0 0 -100 0 1 2500 8000
2019-07-07 04:55 0 0 0 0 0 -100 0 1 2500 8000
2019-07-07 04:56 0 0 0 0 0 -100 0 1 2500 8000
2019-07-07 04:57 0 0 0 0 0 -100 0 1 2500 8000
2019-07-07 04:58 0 0 0 0 0 -100 0 1 2500 8000
2019-07-07 04:59 0 0 0 0 0 -100 0 1 2500 8000
2019-07-07 05:00 0 0 0 0 0 -100 0 1 2500 8000
2019-07-07 05:01 0 0 0 0 0 -100 0 1 2500 8000
2019-07-07 05:02 0 0 0 0 0 -100 0 1 2500 8000
2019-07-07 05:03 0 0 0 0 0 -100 0 1 2500 8000
2019-07-07 05:04 0 0 0 0 0 -100 0 1 2500 8000
2019-07-07 05:05 0 0 0 0 0 -100 0 1 2500 8000
2019-07-07 05:06 0 0 0 0 0 -100 0 1 2500 8000
2019-07-07 05:07 0 0 0 0 0 -100 0 1 2500 8000
2019-07-07 05:08 0 0 0 0 0 -100 0 1 2500 8000
2019-07-07 05:09 0 0 0 0 0 -100 0 1 2500 8000
2019-07-07 05:10 0 0 0 0 0 -100 0 1 2500 8000
2019-07-07 05:11 0 0 0 0 0 -100 0 1 2500 8000
2019-07-07 05:12 0 0 0 0 0 -100 0 1 2500 8000
2019-07-07 05:13 0 0 0 0 0 -100 0 1 2500 8000
2019-07-07 05:14 0 0 0 0 0 -100 0 1 2500 8000
2019-07-07 05:15 0 0 0 0 0 -100 0 1 2500 8000
2019-07-07 05:16 0 0 0 0 0 -100 0 1 2500 8000
2019-07-07 05:17 0 0 0 0 0 -100 0 1 2500 8000
2019-07-07 05:18 0 0 0 0 0 -100 0 1 2500 8000
2019-07-07 05:19 0 0 0 0 0 -100 0 1 2500 8000
2019-07-07 05:20 0 0 0 0 0 -100 0 1 2500 8000
2019-07-07 05:21 0 0 0 0 0 -100 0 1 2500 8000
2019-07-07 05:22 0 0 0 0 0 -100 0 1 2500 8000
2019-07-07 05:23 0 0 0 0 0 -100 0 1 2500 8000
2019-07-07 05:24 0 0 0 0 0 -100 0 1 2500 8000
2019-07-07 05:25 0 0 0 0 0 -100 0 1 2500 8000
2019-07-07 05:26 0 0 0 0 0 -100 0 1 2500 8000
2019-07-07 05:27 0 0 0 0 0 -100 0 1 2500 8000
2019-07-07 05:28 0 0 0 0 0 -100 0 1 2500 8000
2019-07-07 05:29 0 0 0 0 0 -100 0 1 2500 8000
2019-07-07 05:30 0 0 0 0 0 -100 0 1 2500 8000
2019-07-07 05:31 0 0 0 0 0 -100 0 1 2500 8000
2019-07-07 05:32 0 0 0 0 0 -100 0 1 2500 8000
2019-07-07 05:33 0 0 0 0 0 -100 0 1 2500 8000
2019-07-07 05:34 0 0 0 0 0 -100 0 1 2500 8000
2019-07-07 05:35 0 0 0 0 0 -100 0 1 2500 8000
2019-07-07 05:36 0 0 0 0 0 -100 0 1 2500 8000
2019-07-07 05:37 0 0 0 0 0 -100 0 1 2500 8000
2019-07-07 05:38 0 0 0 0 0 -100 0 1 2500 8000
2019-07-07 05:39 0 0 0 0 0 -100 0 1 2500 8000
2019-07-07 05:40 0 0 0 0 0 -100 0 1 2500 8000
2019-07-07 05:41 0 0 0 0 0 -100 0 1 2500 8000
2019-07-07 05:42 0 0 0 0 0 -100 0 1 2500 8000
2019-07-07 05:43 0 0 0 0 0 -100 0 1 2500 8000
2019-07-07 05:44 0 0 0 0 0 -100 0 1 2500 8000
2019-07-07 05:45 0 0 0 0 0 -100 0 1 2500 8000
2019-07-07 05:46 0 0 0 0 0 -100 0 1 2500 8000
2019-07-07 05:47 0 0 0 0 0 -100 0 1 2500 8000
2019-07-07 05:48 0 0 0 0 0 -100 0 1 2500 8000
2019-07-07 05:49 0 0 0 0 0 -100 0 1 2500 8000
2019-07-07 05:50 0 0 0 0 0 -100 0 1 2500 8000
2019-07-07 05:51 0 0 0 0 0 -100 0 1 2500 8000
2019-07-07 05:52 0 0 0 0 0 -100 0 1 2500 8000
2019-07-07 05:53 0 0 0 0 0 -100 0 1 2500 8000
2019-07-07 05:54 0 0 0 0 0 -100 0 1 2500 8000
2019-07-07 05:55 0 13.13 239.9 0 59.97 19 0 0.951 2500 0
2019-07-07 05:56 0 13.13 239.9 0 59.97 19 0 0.974 2500 0
2019-07-07 05:57 0 13.13 239.9 0 59.97 19 0 0.986 2500 0
2019-07-07 05:58 0 13.13 239.9 0 59.97 19 0 0.991 2500 0
2019-07-07 05:59 0 12.24 238.1 0 59.97 19 0 0.846 2500 0
2019-07-07 06:00 0 14.98 238.1 0 59.97 19 0 0.841 2500 0
2019-07-07 06:01 0 17.56 238.1 0 59.97 19 0 0.76 2500 0
2019-07-07 06:02 0 17.8 238.1 0 59.97 19 0 0.736 2500 0
2019-07-07 06:03 0 17.32 238.1 0 60.02 19 0 0.747 2500 0
2019-07-07 06:04 0 19.65 238.1 0 59.97 19 0 0.697 2500 0
2019-07-07 06:05 0 25.29 238.1 0 59.97 20 0 0.478 2500 0
2019-07-07 06:06 0 27.07 238.1 0 60 20 0 0.429 2500 0
2019-07-07 06:07 0 27.47 238.1 0 60 20 0 0.168 2500 0
2019-07-07 06:08 0 27.95 238.1 0 59.97 20 0 0.351 2500 0
2019-07-07 06:09 0 28.27 238.1 0 59.97 20 0 0.384 2500 0
2019-07-07 06:10 0 28.6 237.2 0 59.95 20 0 0.116 2500 0
2019-07-07 06:11 0.000588 25.21 237.2 0.04 60 20 0 0.316 2500 0
2019-07-07 06:12 0.000395 29.08 238.1 0 59.97 20 0 0.356 2500 0
2019-07-07 06:13 0.000256 29.32 238.1 0 60 21 0 0.322 2500 0
2019-07-07 06:14 0.000282 27.79 238.1 0 60.02 21 0 0.281 2500 0
2019-07-07 06:15 0.000167 29.72 238.1 0 59.97 21 0 0.083 2500 0
2019-07-07 06:16 0.000248 25.78 238.1 0.04 60 21 0 0.162 2500 0
2019-07-07 06:17 0 0 0 0 0 -100 0 1 2500 8000
2019-07-07 06:18 0 29.89 238.1 0 60 21 0 0.306 2500 0
2019-07-07 06:19 0 29.97 238.1 0 60.04 21 0 0.223 2500 0
2019-07-07 06:20 0 30.05 238.1 0 60.02 21 0 0.334 2500 0
2019-07-07 06:21 0 30.13 238.1 0 60.02 21 0 0.283 2500 0
2019-07-07 06:22 0 30.21 238.1 0 60 21 0 0.242 2500 0
2019-07-07 06:23 0.000373 30.21 238.1 0 60.02 21 0 0.234 2500 0
2019-07-07 06:24 0.000419 28.03 239 0.05 60.04 21 0 0.114 2500 0
2019-07-07 06:25 0.000291 30.21 239 0 60.04 21 0 0.195 2500 0
2019-07-07 06:26 0.000193 30.29 238.1 0 60.04 21 0 0.256 2500 0
2019-07-07 06:27 0.000275 28.68 239 0.05 60.04 21 0 0.376 2500 0
2019-07-07 06:28 0.000216 30.45 239 0 60.02 21 0 0.312 2500 0
2019-07-07 06:29 0.000533 28.92 238.1 0 60.02 21 0 0.724 2500 0
2019-07-07 06:30 0 30.77 239 0 60.04 21 0 0.577 2500 0
2019-07-07 06:31 0 30.77 239 0 60 21 0 0.43 2500 0
2019-07-07 06:32 0 30.85 238.1 0 60.04 21 0 0.538 2500 0
2019-07-07 06:33 0 31.01 238.1 0 60.02 21 0 0.236 2500 0
2019-07-07 06:34 0 31.17 239 0 60.02 21 0 0.298 2500 0
2019-07-07 06:35 0 31.25 239 0 60.07 21 0 0.161 2500 0
2019-07-07 06:36 0.001137 31.09 238.1 0.04 60.07 21 0 0.192 2500 0
2019-07-07 06:37 0.000705 31.34 238.1 0 60.04 21 0 0.053 2500 0
2019-07-07 06:38 0.000722 31.5 238.1 0 60.04 21 0 0.289 2500 0
2019-07-07 06:39 0.001069 29.16 239 0.06 60.04 21 0 0.346 2500 0
2019-07-07 06:40 0.001796 26.98 239 0.06 60.07 21 0 0.288 2500 0
2019-07-07 06:41 0.003006 28.35 239 0.06 60.02 21 0 0.057 2500 0
2019-07-07 06:42 0.003087 30.53 239 0.06 60.02 22 0 0.117 2500 0
2019-07-07 06:43 0.00317 31.25 239 0.06 60.04 22 0 0.26 2500 0
2019-07-07 06:44 0.00333 30.37 239 0.06 60.02 22 0 0.394 2500 0
2019-07-07 06:45 0.003124 31.09 239 0.06 60.04 22 0 0.241 2500 0
2019-07-07 06:46 0.003616 29.48 239 0.06 60.07 22 0 0.215 2500 0
2019-07-07 06:47 0.003337 31.01 239 0.06 60.04 22 0 0.099 2500 0
2019-07-07 06:48 0.003088 31.58 239 0.06 60.04 22 0 0.248 2500 0
2019-07-07 06:49 0.003482 31.09 239 0.06 60.04 22 0 0.203 2500 0
2019-07-07 06:50 0.004023 30.37 239 0.06 60.07 22 0 0.153 2500 0
2019-07-07 06:51 0.004329 31.17 239 0.06 60.04 22 0 0.105 2500 0
2019-07-07 06:52 0.004265 30.77 239 0.06 60.04 23 0 0.141 2500 0
2019-07-07 06:53 0.004144 30.53 239 0.08 60.02 23 0 0.18 2500 0
2019-07-07 06:54 0.003891 31.01 239 0.06 60.04 23 0 0.155 2500 0
2019-07-07 06:55 0.004242 30.53 239 0.06 60.04 23 0 0.054 2500 0
2019-07-07 06:56 0.00387 30.85 238.1 0.06 60.02 23 0.001 0.232 2500 0
2019-07-07 06:57 0.003491 31.66 239 0.06 60 23 0.001 0.075 2500 0
2019-07-07 06:58 0.003981 30.93 238.1 0.06 60.04 23 0.001 0.16 2500 0
2019-07-07 06:59 0.003392 30.85 238.1 0.06 60.04 23 0.001 0.177 2500 0
2019-07-07 07:00 0.003347 30.61 236.3 0.06 60 23 0.001 0.171 2500 0
2019-07-07 07:01 0.003316 30.77 239 0.06 60 23 0.001 0.123 2500 0
2019-07-07 07:02 0.004044 31.74 239.9 0.06 60.02 23 0.001 0.145 2500 0
2019-07-07 07:03 0.004109 30.69 239 0.06 60.02 24 0.001 0.33 2500 0
2019-07-07 07:04 0.004279 30.53 239.9 0.06 60.02 24 0.001 0.071 2500 0
2019-07-07 07:05 0.005835 30.05 239 0.07 60.02 24 0.001 0.085 2500 0
2019-07-07 07:06 0.006737 29.89 239 0.07 60 24 0.001 0.267 2500 0
2019-07-07 07:07 0.007312 30.45 239.9 0.08 59.97 24 0.001 0.196 2500 0
2019-07-07 07:08 0.007466 28.03 239.9 0.07 60.04 24 0.002 0.036 2500 0
2019-07-07 07:09 0.008189 28.35 239.9 0.06 60.02 24 0.002 0.267 2500 0
2019-07-07 07:10 0.008216 30.29 239.9 0.06 60.02 24 0.002 0.106 2500 0
2019-07-07 07:11 0.008251 29.08 239.9 0.07 60.02 24 0.002 0.099 2500 0
2019-07-07 07:12 0.008279 29.16 239.9 0.06 60.02 24 0.002 0.136 2500 0
2019-07-07 07:13 0.007527 29.4 239.9 0.07 60.02 24 0.002 0.294 2500 0
2019-07-07 07:14 0.008859 29.24 239.9 0.07 60.04 24 0.002 0.145 2500 0
2019-07-07 07:15 0.009822 29.4 239.9 0.08 60.02 24 0.002 0.036 2500 0
2019-07-07 07:16 0.010057 29.97 239.9 0.06 60.02 24 0.003 0.068 2500 0
2019-07-07 07:17 0.010182 29.08 239.9 0.06 60.02 24 0.003 0.123 2500 0
2019-07-07 07:18 0.010515 29.16 239.9 0.07 60.02 25 0.003 0.063 2500 0
2019-07-07 07:19 0.010535 29.48 239.9 0.06 60.02 25 0.003 0.057 2500 0
2019-07-07 07:20 0.009765 28.43 239.9 0.07 60.04 25 0.003 0.27 2500 0
2019-07-07 07:21 0.010342 29.4 239.9 0.08 60.04 25 0.003 0.231 2500 0
2019-07-07 07:22 0.010119 29.97 238.1 0.07 60.04 25 0.004 0.135 2500 0
2019-07-07 07:23 0.010192 29.64 239 0.08 60.07 25 0.004 0.37 2500 0
2019-07-07 07:24 0.010278 29.16 238.1 0.07 60.09 25 0.004 0.105 2500 0
2019-07-07 07:25 0.01039 28.76 239 0.08 60.09 25 0.004 0.38 2500 0
2019-07-07 07:26 0.009962 28.6 238.1 0.06 60.09 25 0.004 0.352 2500 0
2019-07-07 07:27 0.009487 29.56 239 0.08 60.09 25 0.004 0.266 2500 0
2019-07-07 07:28 0.009396 28.43 238.1 0.08 60.09 25 0.005 0.136 2500 0
2019-07-07 07:29 0.009458 28.52 238.1 0.07 60.09 25 0.005 0.311 2500 0
2019-07-07 07:30 0.009212 29.24 238.1 0.08 60.09 25 0.005 0.267 2500 0
2019-07-07 07:31 0.009332 28.68 238.1 0.08 60.07 25 0.005 0.335 2500 0
2019-07-07 07:32 0.009798 27.63 238.1 0.08 60.09 25 0.005 0.323 2500 0
2019-07-07 07:33 0.00988 29.16 238.1 0.08 60.07 25 0.005 0.268 2500 0
2019-07-07 07:34 0.01009 29.56 238.1 0.07 60.04 25 0.006 0.308 2500 0
2019-07-07 07:35 0.010187 28.76 238.1 0.08 60.07 25 0.006 0.418 2500 0
2019-07-07 07:36 0.008853 29.97 238.1 0.08 60.07 25 0.006 0.117 2500 0
2019-07-07 07:37 0.007546 30.85 237.2 0.06 60.09 25 0.006 0.243 2500 0
2019-07-07 07:38 0.004783 30.45 238.1 0.06 60.04 25 0.006 0.237 2500 0
2019-07-07 07:39 0.004462 29.72 238.1 0.07 60.07 25 0.006 0.281 2500 0
2019-07-07 07:40 0.003614 30.77 238.1 0.07 60.02 26 0.006 0.111 2500 0
2019-07-07 07:41 0.003168 29.48 238.1 0.06 60.04 26 0.006 0.311 2500 0
2019-07-07 07:42 0.003014 29.64 238.1 0.06 60.02 26 0.006 0.166 2500 0
2019-07-07 07:43 0.002652 29.16 238.1 0.06 60.04 26 0.006 0.096 2500 0
2019-07-07 07:44 0.003071 30.69 238.1 0.06 60.02 26 0.006 0.178 2500 0
2019-07-07 07:45 0.003298 30.77 238.1 0.06 60.02 26 0.007 0.137 2500 0
2019-07-07 07:46 0.003991 31.25 238.1 0.07 60.02 26 0.007 0.302 2500 0
2019-07-07 07:47 0.006544 29.48 239 0.08 60.04 26 0.007 0.084 2500 0
2019-07-07 07:48 0.009517 29.89 238.1 0.07 60.07 26 0.007 0.051 2500 0
2019-07-07 07:49 0.010161 30.21 239 0.07 60.04 26 0.007 0.045 2500 0
2019-07-07 07:50 0.010607 29.72 238.1 0.08 60.07 26 0.007 0.159 2500 0
2019-07-07 07:51 0.010247 28.92 238.1 0.08 60.04 26 0.007 0.179 2500 0
2019-07-07 07:52 0.01008 28.92 237.2 0.08 60.07 26 0.008 0.117 2500 0
2019-07-07 07:53 0.010146 28.84 238.1 0.08 60.04 26 0.008 0.199 2500 0
2019-07-07 07:54 0.010165 30.21 237.2 0.06 60.04 26 0.008 0.219 2500 0
2019-07-07 07:55 0.009916 28.27 237.2 0.08 60.09 26 0.008 0.144 2500 0
2019-07-07 07:56 0.009463 28.6 239 0.06 60.04 26 0.008 0.144 2500 0
2019-07-07 07:57 0.008788 29.16 239 0.06 60.09 26 0.008 0.117 2500 0
2019-07-07 07:58 0.006036 30.13 239.9 0.06 60.07 26 0.008 0.101 2500 0
2019-07-07 07:59 0.006893 29.48 239.9 0.07 60.09 26 0.009 0.09 2500 0
2019-07-07 08:00 0.008108 29.16 239.9 0.08 60.09 26 0.009 0.167 2500 0
2019-07-07 08:01 0.007857 29.24 239.9 0.07 60.09 26 0.009 0.196 2500 0
2019-07-07 08:02 0.008983 29.48 239.9 0.06 60.09 26 0.009 0.248 2500 0
2019-07-07 08:03 0.008921 28.11 239 0.08 60.09 26 0.009 0.151 2500 0
2019-07-07 08:04 0.008799 29 239.9 0.07 60.09 26 0.009 0.059 2500 0
2019-07-07 08:05 0.011256 27.07 239 0.08 60.09 26 0.009 0.231 2500 0
2019-07-07 08:06 0.012658 25.37 239 0.08 60.09 26 0.01 0.14 2500 0
2019-07-07 08:07 0.012864 22.39 239.9 0.06 60.07 26 0.01 0.051 2500 0
2019-07-07 08:08 0.012579 25.94 239.9 0.08 60.09 26 0.01 0.169 2500 0
2019-07-07 08:09 0.012988 25.53 239.9 0.08 60.11 26 0.01 0.106 2500 0
2019-07-07 08:10 0.012666 22.39 239 0.06 60.07 26 0.011 0.078 2500 0
2019-07-07 08:11 0.013727 26.26 238.1 0.08 60.04 26 0.011 0.191 2500 0
2019-07-07 08:12 0.013978 26.1 239 0.08 60.07 26 0.011 0.057 2500 0
2019-07-07 08:13 0.014972 26.5 238.1 0.08 60.04 26 0.011 0.028 2500 0
2019-07-07 08:14 0.015968 28.11 238.1 0.09 60.04 26 0.011 0.072 2500 0
2019-07-07 08:15 0.016627 28.27 238.1 0.09 60.07 26 0.012 0.103 2500 0
2019-07-07 08:16 0.01668 28.35 238.1 0.09 60.02 26 0.012 0.072 2500 0
2019-07-07 08:17 0.016434 28.52 239 0.1 60.02 26 0.012 0.022 2500 0
2019-07-07 08:18 0.016086 27.23 239.9 0.08 60.02 26 0.013 0.235 2500 0
2019-07-07 08:19 0.015819 28.43 239.9 0.08 60.02 26 0.013 0.078 2500 0
2019-07-07 08:20 0.015505 27.95 239 0.09 60.02 26 0.013 0.162 2500 0
2019-07-07 08:21 0.015633 26.5 239.9 0.08 60.02 26 0.013 0.138 2500 0
2019-07-07 08:22 0.015639 27.63 239.9 0.08 60.04 27 0.014 0.204 2500 0
2019-07-07 08:23 0.015478 28.11 239.9 0.08 60.04 26 0.014 0.056 2500 0
2019-07-07 08:24 0.015307 28.68 239.9 0.1 60.02 27 0.014 0.078 2500 0
2019-07-07 08:25 0.015712 30.29 238.1 0.09 60.04 27 0.014 0.121 2500 0
2019-07-07 08:26 0.016989 28.76 239 0.1 60.04 27 0.015 0.108 2500 0
2019-07-07 08:27 0.017878 28.03 239.9 0.1 60.04 27 0.015 0.244 2500 0
2019-07-07 08:28 0.018778 28.76 239 0.1 60.02 27 0.015 0.298 2500 0
2019-07-07 08:29 0.019442 27.87 239.9 0.1 60.02 27 0.016 0.09 2500 0
2019-07-07 08:30 0.019137 28.76 239 0.1 60.07 27 0.016 0.18 2500 0
2019-07-07 08:31 0.019185 27.95 239 0.1 60.02 27 0.016 0.182 2500 0
2019-07-07 08:32 0.019463 29.4 239.9 0.1 60.04 27 0.017 0.064 2500 0
2019-07-07 08:33 0.019863 28.92 239.9 0.1 60.04 27 0.017 0.025 2500 0
2019-07-07 08:34 0.020379 28.6 239 0.1 60.02 27 0.017 0.162 2500 0
2019-07-07 08:35 0.021258 28.43 239 0.11 60.07 27 0.018 0.185 2500 0
2019-07-07 08:36 0.021408 27.55 239.9 0.11 60.04 27 0.018 0.32 2500 0
2019-07-07 08:37 0.021449 28.68 239.9 0.12 60.04 27 0.018 0.311 2500 0
2019-07-07 08:38 0.021906 28.52 239.9 0.11 60.07 27 0.019 0.186 2500 0
2019-07-07 08:39 0.022667 28.6 239.9 0.12 60.09 27 0.019 0.25 2500 0
2019-07-07 08:40 0.023219 28.92 239 0.12 60.07 27 0.02 0.365 2500 0
2019-07-07 08:41 0.023493 28.84 239.9 0.12 60.04 27 0.02 0.234 2500 0
2019-07-07 08:42 0.023334 28.11 239.9 0.12 60.07 27 0.02 0.241 2500 0
2019-07-07 08:43 0.022939 28.6 239.9 0.11 60.07 27 0.021 0.253 2500 0
2019-07-07 08:44 0.022797 27.31 239.9 0.11 60.09 27 0.021 0.296 2500 0
2019-07-07 08:45 0.022962 28.76 239 0.11 60.07 27 0.021 0.235 2500 0
2019-07-07 08:46 0.023165 29.08 239.9 0.12 60.07 27 0.022 0.141 2500 0
2019-07-07 08:47 0.023504 28.35 239.9 0.12 60.07 27 0.022 0.16 2500 0
2019-07-07 08:48 0.02366 28.19 239 0.12 60.04 27 0.023 0.072 2500 0
2019-07-07 08:49 0.023648 28.35 239 0.12 60.07 28 0.023 0.075 2500 0
2019-07-07 08:50 0.023573 28.35 239.9 0.12 60.04 28 0.023 0.218 2500 0
2019-07-07 08:51 0.022979 27.95 239 0.11 60.07 28 0.024 0.37 2500 0
2019-07-07 08:52 0.022413 28.43 239 0.1 60.09 28 0.024 0.306 2500 0
2019-07-07 08:53 0.022478 29 239.9 0.11 60.07 28 0.024 0.267 2500 0
2019-07-07 08:54 0.023226 27.79 239 0.11 60.04 28 0.025 0.303 2500 0
2019-07-07 08:55 0.023658 28.11 239 0.12 60.04 28 0.025 0.203 2500 0
2019-07-07 08:56 0.024057 28.35 239 0.12 60.04 28 0.026 0.18 2500 0
2019-07-07 08:57 0.02418 28.19 239 0.12 60.04 28 0.026 0.267 2500 0
2019-07-07 08:58 0.024081 28.27 239 0.12 60.07 28 0.026 0.21 2500 0
2019-07-07 08:59 0.024383 29.89 239 0.12 60.04 28 0.027 0.272 2500 0
2019-07-07 09:00 0.025382 29.56 239 0.12 60.04 28 0.027 0.174 2500 0
2019-07-07 09:01 0.026111 27.71 239 0.12 60.04 28 0.028 0.271 2500 0
2019-07-07 09:02 0.02695 28.27 238.1 0.13 60.07 28 0.028 0.318 2500 0
2019-07-07 09:03 0.02776 28.84 239 0.13 60.04 28 0.029 0.247 2500 0
2019-07-07 09:04 0.028099 28.11 239 0.14 60.07 28 0.029 0.37 2500 0
2019-07-07 09:05 0.028506 28.27 239 0.13 60.04 28 0.03 0.29 2500 0
2019-07-07 09:06 0.028223 28.68 239 0.13 60.04 28 0.03 0.132 2500 0
2019-07-07 09:07 0.02793 29.32 238.1 0.14 60.02 28 0.031 0.072 2500 0
2019-07-07 09:08 0.02792 28.35 239 0.12 60.04 28 0.031 0.257 2500 0
2019-07-07 09:09 0.028249 27.71 238.1 0.13 60.04 28 0.031 0.327 2500 0
2019-07-07 09:10 0.028808 29.16 238.1 0.14 60.07 28 0.032 0.201 2500 0
2019-07-07 09:11 0.029468 29 239 0.14 60.07 28 0.032 0.271 2500 0
2019-07-07 09:12 0.030181 29 238.1 0.14 60.07 28 0.033 0.262 2500 0
2019-07-07 09:13 0.030488 29.24 239 0.13 60.04 28 0.033 0.18 2500 0
2019-07-07 09:14 0.030526 29.16 239 0.14 60.04 28 0.034 0.247 2500 0
2019-07-07 09:15 0.030797 29.16 239 0.14 60.07 29 0.035 0.227 2500 0
2019-07-07 09:16 0.031118 27.95 239 0.14 60.07 29 0.035 0.338 2500 0
2019-07-07 09:17 0.031891 29 239.9 0.14 60.07 29 0.036 0.307 2500 0
2019-07-07 09:18 0.032948 29.64 239.9 0.15 60.09 29 0.036 0.21 2500 0
2019-07-07 09:19 0.033995 29.97 239 0.16 60.11 29 0.037 0.137 2500 0
2019-07-07 09:20 0.034687 28.68 239 0.16 60.11 29 0.037 0.218 2500 0
2019-07-07 09:21 0.035669 28.35 239.9 0.16 60.09 29 0.038 0.071 2500 0
2019-07-07 09:22 0.036456 29.32 239 0.16 60.04 29 0.038 0.124 2500 0
2019-07-07 09:23 0.037036 28.11 239 0.16 60.07 29 0.039 0.18 2500 0
2019-07-07 09:24 0.037853 28.92 239.9 0.17 60.09 29 0.04 0.024 2500 0
2019-07-07 09:25 0.038744 28.6 239.9 0.16 60.07 29 0.04 0.097 2500 0
2019-07-07 09:26 0.039818 28.68 239 0.18 60.09 29 0.041 0.097 2500 0
2019-07-07 09:27 0.040802 28.43 239 0.18 60.09 29 0.042 0.204 2500 0
2019-07-07 09:28 0.041273 29.48 239 0.18 60.07 29 0.042 0.432 2500 0
2019-07-07 09:29 0.042176 29.08 239 0.18 60.09 29 0.043 0.262 2500 0
2019-07-07 09:30 0.042639 28.35 239 0.18 60.07 29 0.044 0.302 2500 0
2019-07-07 09:31 0.042694 29.97 239 0.18 60.04 29 0.045 0.336 2500 0
2019-07-07 09:32 0.042841 28.84 239.9 0.19 60.07 29 0.045 0.303 2500 0
2019-07-07 09:33 0.042781 28.27 239 0.18 60.07 29 0.046 0.24 2500 0
2019-07-07 09:34 0.042693 28.35 239 0.19 60.07 30 0.047 0.287 2500 0
2019-07-07 09:35 0.042649 28.27 239 0.19 60.02 29 0.047 0.135 2500 0
2019-07-07 09:36 0.042721 29 238.1 0.18 60.04 30 0.048 0.183 2500 0
2019-07-07 09:37 0.04298 29 238.1 0.19 60.04 30 0.049 0.078 2500 0
2019-07-07 09:38 0.043097 28.52 238.1 0.19 60.07 30 0.049 0.223 2500 0
2019-07-07 09:39 0.043824 28.84 239 0.2 60.07 30 0.05 0.064 2500 0
2019-07-07 09:40 0.044851 29.08 239 0.2 60.07 30 0.051 0.213 2500 0
2019-07-07 09:41 0.046514 28.11 239 0.21 60.07 30 0.052 0.108 2500 0
2019-07-07 09:42 0.048257 29.24 238.1 0.22 60.09 30 0.053 0.129 2500 0
2019-07-07 09:43 0.049673 29.16 239 0.22 60.07 30 0.054 0.16 2500 0
2019-07-07 09:44 0.050265 29.32 239 0.21 60.09 30 0.054 0.157 2500 0
2019-07-07 09:45 0.050202 29.48 239 0.21 60.07 30 0.055 0.192 2500 0
2019-07-07 09:46 0.049455 29.16 239 0.21 60.07 30 0.056 0.155 2500 0
2019-07-07 09:47 0.048791 28.27 238.1 0.21 60.07 30 0.057 0.373 2500 0
2019-07-07 09:48 0.047749 28.84 239 0.21 60.09 30 0.058 0.14 2500 0
2019-07-07 09:49 0.046965 28.92 239 0.21 60.11 30 0.058 0.126 2500 0
2019-07-07 09:50 0.046696 29.4 239 0.21 60.11 30 0.059 0.097 2500 0
2019-07-07 09:51 0.046501 29.16 238.1 0.2 60.11 30 0.06 0.297 2500 0
2019-07-07 09:52 0.04632 28.6 239 0.21 60.09 30 0.061 0.215 2500 0
2019-07-07 09:53 0.046284 28.76 239 0.21 60.11 30 0.061 0.106 2500 0
2019-07-07 09:54 0.046079 28.03 239 0.21 60.11 31 0.062 0.146 2500 0
2019-07-07 09:55 0.045808 28.68 239 0.2 60.11 31 0.063 0.14 2500 0
2019-07-07 09:56 0.045479 28.6 238.1 0.2 60.11 31 0.064 0.213 2500 0
2019-07-07 09:57 0.045135 28.52 238.1 0.19 60.11 31 0.064 0.494 2500 0
2019-07-07 09:58 0.04437 28.76 238.1 0.18 60.07 31 0.065 0.378 2500 0
2019-07-07 09:59 0.043154 28.6 238.1 0.18 60.04 31 0.066 0.204 2500 0
2019-07-07 10:00 0.04269 29.08 239 0.18 60.09 31 0.067 0.189 2500 0
2019-07-07 10:01 0.042907 28.92 239.9 0.19 60.07 31 0.067 0.175 2500 0
2019-07-07 10:02 0.044017 29.16 239 0.21 60.09 31 0.068 0.386 2500 0
2019-07-07 10:03 0.046366 29.16 239 0.21 60.09 31 0.069 0.123 2500 0
2019-07-07 10:04 0.048875 28.68 239 0.21 60.09 31 0.07 0.162 2500 0
2019-07-07 10:05 0.05043 29.24 239 0.23 60.09 31 0.07 0.415 2500 0
2019-07-07 10:06 0.052093 29.56 239.9 0.23 60.09 31 0.071 0.303 2500 0
2019-07-07 10:07 0.052815 29.08 239 0.23 60.04 31 0.072 0.309 2500 0
2019-07-07 10:08 0.052647 29.16 239 0.22 60.04 31 0.073 0.437 2500 0
2019-07-07 10:09 0.051633 29.24 238.1 0.23 60.04 31 0.074 0.216 2500 0
2019-07-07 10:10 0.051643 28.84 238.1 0.22 60.02 31 0.075 0.243 2500 0
2019-07-07 10:11 0.052589 28.92 239 0.23 60.04 31 0.076 0.197 2500 0
2019-07-07 10:12 0.054392 28.92 238.1 0.24 60.07 31 0.077 0.186 2500 0
2019-07-07 10:13 0.055726 28.84 238.1 0.25 60.07 31 0.078 0.405 2500 0
2019-07-07 10:14 0.057697 28.52 239 0.25 60.07 32 0.079 0.174 2500 0
2019-07-07 10:15 0.058012 28.52 238.1 0.25 60.07 32 0.08 0.26 2500 0
2019-07-07 10:16 0.057357 28.92 238.1 0.24 60.07 32 0.08 0.255 2500 0
2019-07-07 10:17 0.055991 28.76 237.2 0.24 60.07 32 0.081 0.206 2500 0
2019-07-07 10:18 0.054902 28.92 238.1 0.23 60.04 32 0.082 0.261 2500 0
2019-07-07 10:19 0.054092 28.35 238.1 0.23 60.07 32 0.083 0.118 2500 0
2019-07-07 10:20 0.054122 28.84 238.1 0.23 60.09 32 0.084 0.148 2500 0
2019-07-07 10:21 0.054479 27.47 238.1 0.23 60.11 32 0.085 0.109 2500 0
2019-07-07 10:22 0.05505 28.92 238.1 0.24 60.14 32 0.086 0.149 2500 0
2019-07-07 10:23 0.056358 29.08 237.2 0.25 60.14 32 0.087 0.153 2500 0
2019-07-07 10:24 0.058315 28.52 238.1 0.26 60.14 32 0.088 0.129 2500 0
2019-07-07 10:25 0.060779 28.84 237.2 0.26 60.11 32 0.089 0.01 2500 0
2019-07-07 10:26 0.061623 29.24 238.1 0.27 60.11 32 0.09 0.187 2500 0
2019-07-07 10:27 0.061629 29.32 238.1 0.26 60.09 32 0.091 0.208 2500 0
2019-07-07 10:28 0.060852 29.32 238.1 0.26 60.09 32 0.092 0.17 2500 0
2019-07-07 10:29 0.060249 28.84 238.1 0.26 60.11 32 0.093 0.134 2500 0
2019-07-07 10:30 0.059508 28.52 237.2 0.25 60.11 33 0.094 0.061 2500 0
2019-07-07 10:31 0.058643 27.79 237.2 0.25 60.09 32 0.095 0.232 2500 0
2019-07-07 10:32 0.057788 28.76 237.2 0.25 60.09 33 0.096 0.18 2500 0
2019-07-07 10:33 0.05711 28.6 238.1 0.24 60.11 33 0.097 0.222 2500 0
2019-07-07 10:34 0.056786 29.16 238.1 0.25 60.11 33 0.098 0.204 2500 0
2019-07-07 10:35 0.057182 28.84 238.1 0.25 60.09 33 0.099 0.176 2500 0
2019-07-07 10:36 0.058837 28.6 239 0.26 60.11 33 0.1 0.127 2500 0
2019-07-07 10:37 0.060772 28.43 239 0.27 60.09 33 0.101 0.209 2500 0
2019-07-07 10:38 0.063796 28.76 238.1 0.29 60.14 33 0.102 0.179 2500 0
2019-07-07 10:39 0.06644 28.52 238.1 0.29 60.14 33 0.103 0.208 2500 0
2019-07-07 10:40 0.067879 29.4 238.1 0.29 60.11 33 0.104 0.075 2500 0
2019-07-07 10:41 0.068071 28.27 238.1 0.29 60.14 33 0.105 0.168 2500 0
2019-07-07 10:42 0.067808 28.6 238.1 0.29 60.11 33 0.106 0.118 2500 0
2019-07-07 10:43 0.067811 28.43 238.1 0.29 60.09 33 0.107 0.144 2500 0
2019-07-07 10:44 0.068 28.92 238.1 0.29 60.11 33 0.109 0.342 2500 0
2019-07-07 10:45 0.067998 28.52 239 0.29 60.11 33 0.11 0.21 2500 0
2019-07-07 10:46 0.067859 29.08 239 0.28 60.09 33 0.111 0.273 2500 0
2019-07-07 10:47 0.067477 28.76 239 0.28 60.07 34 0.112 0.332 2500 0
2019-07-07 10:48 0.066536 28.6 238.1 0.28 60.09 34 0.113 0.377 2500 0
2019-07-07 10:49 0.064256 28.03 238.1 0.27 60.11 34 0.114 0.255 2500 0
2019-07-07 10:50 0.06192 28.11 238.1 0.25 60.07 34 0.115 0.21 2500 0
2019-07-07 10:51 0.060261 28.35 237.2 0.24 60.09 34 0.116 0.356 2500 0
2019-07-07 10:52 0.058356 28.35 238.1 0.24 60.11 34 0.117 0.228 2500 0
2019-07-07 10:53 0.057353 27.87 238.1 0.24 60.09 34 0.118 0.149 2500 0
2019-07-07 10:54 0.057683 28.6 238.1 0.25 60.07 34 0.119 0.242 2500 0
2019-07-07 10:55 0.058532 29.16 239 0.25 60.07 34 0.12 0.214 2500 0
2019-07-07 10:56 0.05932 28.43 238.1 0.26 60.09 34 0.121 0.324 2500 0
2019-07-07 10:57 0.060299 28.68 237.2 0.27 60.11 34 0.122 0.15 2500 0
2019-07-07 10:58 0.060988 29.24 238.1 0.27 60.09 34 0.123 0.017 2500 0
2019-07-07 10:59 0.061651 29.08 238.1 0.27 60.09 34 0.124 0.089 2500 0
2019-07-07 11:00 0.062893 28.11 238.1 0.27 60.09 34 0.125 0.153 2500 0
2019-07-07 11:01 0.064245 28.35 238.1 0.29 60.09 34 0.126 0.204 2500 0
2019-07-07 11:02 0.065266 28.03 238.1 0.29 60.09 34 0.127 0.192 2500 0
2019-07-07 11:03 0.06578 28.35 238.1 0.29 60.09 34 0.128 0.424 2500 0
2019-07-07 11:04 0.066329 28.76 238.1 0.29 60.07 34 0.129 0.291 2500 0
2019-07-07 11:05 0.066902 28.19 238.1 0.29 60.09 34 0.131 0.316 2500 0
2019-07-07 11:06 0.068042 28.27 238.1 0.29 60.11 35 0.132 0.262 2500 0
2019-07-07 11:07 0.069326 27.39 238.1 0.3 60.11 35 0.133 0.051 2500 0
2019-07-07 11:08 0.070882 28.35 238.1 0.3 60.09 35 0.134 0.006 2500 0
2019-07-07 11:09 0.071731 28.43 238.1 0.31 60.14 35 0.135 0.126 2500 0
2019-07-07 11:10 0.072522 27.95 238.1 0.31 60.14 35 0.137 0.203 2500 0
2019-07-07 11:11 0.072324 28.03 238.1 0.3 60.14 35 0.138 0.094 2500 0
2019-07-07 11:12 0.071706 28.19 237.2 0.31 60.16 35 0.139 0.115 2500 0
2019-07-07 11:13 0.071005 28.52 236.3 0.3 60.18 35 0.14 0.08 2500 0
2019-07-07 11:14 0.070639 28.43 237.2 0.3 60.16 35 0.141 0.057 2500 0
2019-07-07 11:15 0.070465 29.48 237.2 0.29 60.16 35 0.142 0.13 2500 0
2019-07-07 11:16 0.070384 28.19 238.1 0.3 60.16 35 0.143 0.138 2500 0
2019-07-07 11:17 0.070019 27.55 238.1 0.29 60.16 35 0.145 0.164 2500 0
2019-07-07 11:18 0.069923 28.19 237.2 0.3 60.16 35 0.146 0.176 2500 0
2019-07-07 11:19 0.070173 28.11 237.2 0.3 60.11 35 0.147 0.301 2500 0
2019-07-07 11:20 0.071346 27.87 237.2 0.31 60.11 35 0.148 0.266 2500 0
2019-07-07 11:21 0.073392 28.52 236.3 0.32 60.14 35 0.149 0.178 2500 0
2019-07-07 11:22 0.075546 28.92 237.2 0.33 60.16 35 0.151 0.018 2500 0
2019-07-07 11:23 0.077313 28.43 237.2 0.33 60.11 35 0.152 0.053 2500 0
2019-07-07 11:24 0.078629 28.27 238.1 0.35 60.14 35 0.153 0.261 2500 0
2019-07-07 11:25 0.079759 27.87 238.1 0.35 60.14 36 0.155 0.262 2500 0
2019-07-07 11:26 0.079536 27.79 237.2 0.33 60.14 36 0.156 0.274 2500 0
2019-07-07 11:27 0.078215 28.52 238.1 0.33 60.16 36 0.157 0.233 2500 0
2019-07-07 11:28 0.076663 28.03 237.2 0.32 60.16 36 0.159 0.22 2500 0
2019-07-07 11:29 0.075382 27.95 237.2 0.32 60.16 36 0.16 0.318 2500 0
2019-07-07 11:30 0.074138 28.11 237.2 0.32 60.16 36 0.161 0.145 2500 0
2019-07-07 11:31 0.07389 28.52 238.1 0.32 60.16 36 0.162 0.151 2500 0
2019-07-07 11:32 0.074432 27.87 238.1 0.33 60.16 36 0.163 0.155 2500 0
2019-07-07 11:33 0.075489 28.52 237.2 0.33 60.18 36 0.165 0.219 2500 0
2019-07-07 11:34 0.077496 28.76 237.2 0.33 60.16 36 0.166 0.067 2500 0
2019-07-07 11:35 0.079217 28.43 237.2 0.35 60.16 36 0.167 0.126 2500 0
2019-07-07 11:36 0.08133 27.71 237.2 0.35 60.21 36 0.169 0.21 2500 0
2019-07-07 11:37 0.083071 28.52 237.2 0.35 60.16 36 0.17 0.117 2500 0
2019-07-07 11:38 0.083931 28.92 237.2 0.35 60.14 36 0.171 0.278 2500 0
2019-07-07 11:39 0.084638 27.95 237.2 0.36 60.14 36 0.173 0.243 2500 0
2019-07-07 11:40 0.085004 28.52 237.2 0.36 60.14 36 0.174 0.47 2500 0
2019-07-07 11:41 0.085316 28.35 237.2 0.35 60.09 36 0.176 0.418 2500 0
2019-07-07 11:42 0.085452 27.71 237.2 0.37 60.14 36 0.177 0.467 2500 0
2019-07-07 11:43 0.085369 28.27 237.2 0.36 60.09 37 0.179 0.293 2500 0
2019-07-07 11:44 0.085328 28.6 237.2 0.36 60.11 37 0.18 0.494 2500 0
2019-07-07 11:45 0.08572 28.27 236.3 0.37 60.11 37 0.181 0.616 2500 0
2019-07-07 11:46 0.086965 27.63 236.3 0.37 60.09 37 0.183 0.225 2500 0
2019-07-07 11:47 0.087319 28.52 237.2 0.37 60.14 37 0.184 0.46 2500 0
2019-07-07 11:48 0.087267 28.68 237.2 0.37 60.11 37 0.186 0.239 2500 0
2019-07-07 11:49 0.08678 27.95 237.2 0.36 60.18 37 0.187 0.243 2500 0
2019-07-07 11:50 0.085726 28.11 238.1 0.35 60.16 37 0.189 0.166 2500 0
2019-07-07 11:51 0.084713 28.35 237.2 0.35 60.18 37 0.19 0.059 2500 0
2019-07-07 11:52 0.084367 27.63 238.1 0.35 60.18 37 0.192 0.163 2500 0
2019-07-07 11:53 0.084249 27.95 238.1 0.35 60.18 37 0.193 0.101 2500 0
2019-07-07 11:54 0.084731 27.55 237.2 0.36 60.16 37 0.194 0.217 2500 0
2019-07-07 11:55 0.085116 28.03 236.3 0.36 60.18 37 0.196 0.271 2500 0
2019-07-07 11:56 0.086145 28.03 237.2 0.37 60.16 38 0.197 0.244 2500 0
2019-07-07 11:57 0.087549 27.47 237.2 0.37 60.14 38 0.199 0.276 2500 0
2019-07-07 11:58 0.089588 28.35 236.3 0.38 60.18 38 0.2 0.162 2500 0
2019-07-07 11:59 0.090747 28.19 239 0.4 60.14 38 0.202 0.341 2500 0
2019-07-07 12:00 0.092709 27.87 238.1 0.4 60.16 38 0.203 0.334 2500 0
2019-07-07 12:01 0.094989 28.11 238.1 0.41 60.14 38 0.205 0.208 2500 0
2019-07-07 12:02 0.096448 28.27 239 0.4 60.18 38 0.206 0.218 2500 0
2019-07-07 12:03 0.097142 28.03 238.1 0.41 60.18 38 0.208 0.26 2500 0
2019-07-07 12:04 0.096834 27.71 237.2 0.4 60.16 38 0.21 0.094 2500 0
2019-07-07 12:05 0.095878 28.43 238.1 0.41 60.21 38 0.211 0.244 2500 0
2019-07-07 12:06 0.094514 27.39 237.2 0.39 60.18 38 0.213 0.261 2500 0
2019-07-07 12:07 0.09345 27.23 237.2 0.39 60.14 38 0.214 0.265 2500 0
2019-07-07 12:08 0.093761 27.47 237.2 0.4 60.18 38 0.216 0.267 2500 0
2019-07-07 12:09 0.094954 27.47 236.3 0.41 60.14 38 0.218 0.154 2500 0
2019-07-07 12:10 0.095362 28.11 239 0.4 60.14 39 0.219 0.233 2500 0
2019-07-07 12:11 0.09516 27.87 237.2 0.41 60.16 39 0.221 0.254 2500 0
2019-07-07 12:12 0.094478 27.39 238.1 0.4 60.18 39 0.222 0.067 2500 0
2019-07-07 12:13 0.094274 28.03 238.1 0.4 60.18 39 0.224 0.137 2500 0
2019-07-07 12:14 0.094887 27.87 238.1 0.4 60.18 39 0.225 0.275 2500 0
2019-07-07 12:15 0.096126 28.27 238.1 0.4 60.16 39 0.227 0.254 2500 0
2019-07-07 12:16 0.097945 28.03 238.1 0.42 60.18 39 0.229 0.035 2500 0
2019-07-07 12:17 0.099494 27.63 238.1 0.43 60.21 39 0.23 0.176 2500 0
2019-07-07 12:18 0.101528 27.71 239 0.46 60.21 39 0.232 0.247 2500 0
2019-07-07 12:19 0.103145 27.63 239 0.47 60.18 39 0.233 0.579 2500 0
2019-07-07 12:20 0.114306 27.63 238.1 0.55 60.18 39 0.235 0.424 2500 0
2019-07-07 12:21 0.117861 27.63 238.1 0.5 60.18 39 0.238 0.176 2500 0
2019-07-07 12:22 0.116072 27.15 238.1 0.5 60.16 40 0.239 0.27 2500 0
2019-07-07 12:23 0.114493 27.39 239 0.49 60.16 40 0.242 0.216 2500 0
2019-07-07 12:24 0.112491 26.82 238.1 0.48 60.16 40 0.243 0.145 2500 0
2019-07-07 12:25 0.111297 27.79 237.2 0.48 60.18 40 0.245 0.083 2500 0
2019-07-07 12:26 0.111282 28.03 238.1 0.48 60.18 40 0.247 0.05 2500 0
2019-07-07 12:27 0.111044 27.15 238.1 0.49 60.21 40 0.249 0.028 2500 0
2019-07-07 12:28 0.114262 27.15 239 0.5 60.21 40 0.251 0.081 2500 0
2019-07-07 12:29 0.115674 28.03 238.1 0.5 60.18 40 0.253 0.171 2500 0
2019-07-07 12:30 0.116672 27.71 239 0.5 60.18 40 0.255 0.13 2500 0
2019-07-07 12:31 0.117517 26.98 239 0.51 60.21 40 0.257 0.28 2500 0
2019-07-07 12:32 0.116718 27.23 239 0.5 60.16 41 0.259 0.135 2500 0
2019-07-07 12:33 0.114407 27.63 239.9 0.48 60.21 41 0.261 0.076 2500 0
2019-07-07 12:34 0.112983 27.71 239 0.48 60.18 41 0.263 0.202 2500 0
2019-07-07 12:35 0.112922 27.63 238.1 0.48 60.14 41 0.264 0.332 2500 0
2019-07-07 12:36 0.114176 27.79 239 0.5 60.18 41 0.266 0.334 2500 0
2019-07-07 12:37 0.117222 27.31 238.1 0.52 60.11 41 0.268 0.243 2500 0
2019-07-07 12:38 0.120479 27.39 238.1 0.54 60.16 41 0.27 0.285 2500 0
2019-07-07 12:39 0.131336 26.26 238.1 0.64 60.18 41 0.273 0.089 2500 0
2019-07-07 12:40 0.143183 26.98 239 0.69 60.21 42 0.275 0.367 2500 0
2019-07-07 12:41 0.14571 27.63 238.1 0.59 60.18 42 0.278 0.136 2500 0
2019-07-07 12:42 0.135908 27.31 239 0.53 60.18 42 0.28 0.185 2500 0
2019-07-07 12:43 0.127882 27.15 239 0.53 60.21 42 0.282 0.184 2500 0
2019-07-07 12:44 0.123042 27.15 239 0.51 60.21 42 0.284 0.239 2500 0
2019-07-07 12:45 0.118546 26.02 238.1 0.5 60.16 42 0.286 0.118 2500 0
2019-07-07 12:46 0.118188 26.9 239 0.52 60.21 42 0.288 0.198 2500 0
2019-07-07 12:47 0.118103 27.07 239 0.5 60.21 43 0.289 0.241 2500 0
2019-07-07 12:48 0.12214 27.23 239 0.57 60.23 43 0.292 0.11 2500 0
2019-07-07 12:49 0.129602 27.63 239 0.53 60.21 43 0.294 0.326 2500 0
2019-07-07 12:50 0.152337 26.98 239.9 0.98 60.21 43 0.297 0.277 2500 0
2019-07-07 12:51 0.152971 26.58 239 0.52 60.23 43 0.299 0.405 2500 0
2019-07-07 12:52 0.124331 27.23 238.1 0.5 60.23 43 0.301 0.092 2500 0
2019-07-07 12:53 0.115127 27.39 237.2 0.47 60.23 43 0.303 0.221 2500 0
2019-07-07 12:54 0.109868 27.07 238.1 0.46 60.25 43 0.304 0.298 2500 0
2019-07-07 12:55 0.106883 26.82 237.2 0.44 60.21 44 0.306 0.372 2500 0
2019-07-07 12:56 0.10315 26.98 237.2 0.44 60.23 44 0.308 0.275 2500 0
2019-07-07 12:57 0.101423 27.31 237.2 0.44 60.25 44 0.31 0.217 2500 0
2019-07-07 12:58 0.102224 26.82 237.2 0.45 60.23 44 0.312 0.276 2500 0
2019-07-07 12:59 0.103835 27.47 237.2 0.46 60.23 44 0.313 0.117 2500 0
2019-07-07 13:01 0.195409 25.53 238.1 0.82 60.28 45 0.356 0.225 2500 0
2019-07-07 13:04 0.179773 24.16 239 0.53 60.25 46 0.362 0.129 2500 0
2019-07-07 13:05 0.182847 25.29 238.1 0.8 60.23 46 0.365 0.153 2500 0
2019-07-07 13:06 0.189138 25.86 239 0.8 60.25 46 0.368 0.23 2500 0
2019-07-07 13:07 0.190811 25.53 239 0.8 60.23 46 0.371 0.117 2500 0
2019-07-07 13:08 0.190054 25.21 237.2 0.8 60.25 46 0.374 0.135 2500 0
2019-07-07 13:09 0.188758 25.86 237.2 0.79 60.25 47 0.377 0.271 2500 0
2019-07-07 13:10 0.18675 24.97 237.2 0.79 60.28 47 0.381 0.143 2500 0
2019-07-07 13:11 0.188802 24.97 237.2 0.79 60.25 47 0.384 0.126 2500 0
2019-07-07 13:12 0.188033 25.21 237.2 0.79 60.3 47 0.387 0.266 2500 0
2019-07-07 13:13 0.187349 25.37 236.3 0.8 60.28 47 0.39 0.147 2500 0
2019-07-07 13:14 0.187861 24.97 236.3 0.79 60.25 47 0.393 0.089 2500 0
2019-07-07 13:15 0.188406 25.05 235.3 0.8 60.3 48 0.396 0.297 2500 0
2019-07-07 13:16 0.188654 25.21 235.3 0.8 60.32 48 0.4 0.199 2500 0
2019-07-07 13:17 0.187506 24.73 235.3 0.79 60.28 48 0.403 0.107 2500 0
2019-07-07 13:18 0.186669 25.05 236.3 0.79 60.28 48 0.406 0.368 2500 0
2019-07-07 13:19 0.186132 24.81 236.3 0.78 60.28 48 0.409 0.278 2500 0
2019-07-07 13:20 0.18623 24.97 234.4 0.79 60.25 49 0.412 0.304 2500 0
2019-07-07 13:21 0.185404 24.25 235.3 0.78 60.32 49 0.415 0.163 2500 0
2019-07-07 13:22 0.18338 25.13 236.3 0.77 60.28 49 0.421 0.454 2500 0
2019-07-07 13:23 0.183772 24.81 235.3 0.78 60.25 49 0.424 0.146 2500 0
