2019-07-07 00:01 0 0 0 0 0 -100 0 1 2500 8000
2019-07-07 00:02 0 0 0 0 0 -100 0 1 2500 8000
2019-07-07 00:03 0 0 0 0 0 -100 0 1 2500 8000
2019-07-07 00:04 0 0 0 0 0 -100 0 1 2500 8000
2019-07-07 00:05 0 0 0 0 0 -100 0 1 2500 8000
2019-07-07 00:06 0 0 0 0 0 -100 0 1 2500 8000
2019-07-07 00:07 0 0 0 0 0 -100 0 1 2500 8000
2019-07-07 00:08 0 0 0 0 0 -100 0 1 2500 8000
2019-07-07 00:09 0 0 0 0 0 -100 0 1 2500 8000
2019-07-07 00:10 0 0 0 0 0 -100 0 1 2500 8000
2019-07-07 00:11 0 0 0 0 0 -100 0 1 2500 8000
2019-07-07 00:12 0 0 0 0 0 -100 0 1 2500 8000
2019-07-07 00:13 0 0 0 0 0 -100 0 1 2500 8000
2019-07-07 00:14 0 0 0 0 0 -100 0 1 2500 8000
2019-07-07 00:15 0 0 0 0 0 -100 0 1 2500 8000
2019-07-07 00:16 0 0 0 0 0 -100 0 1 2500 8000
2019-07-07 00:17 0 0 0 0 0 -100 0 1 2500 8000
2019-07-07 00:18 0 0 0 0 0 -100 0 1 2500 8000
2019-07-07 00:19 0 0 0 0 0 -100 0 1 2500 8000
2019-07-07 00:20 0 0 0 0 0 -100 0 1 2500 8000
2019-07-07 00:21 0 0 0 0 0 -100 0 1 2500 8000
2019-07-07 00:22 0 0 0 0 0 -100 0 1 2500 8000
2019-07-07 00:23 0 0 0 0 0 -100 0 1 2500 8000
2019-07-07 00:24 0 0 0 0 0 -100 0 1 2500 8000
2019-07-07 00:25 0 0 0 0 0 -100 0 1 2500 8000
2019-07-07 00:26 0 0 0 0 0 -100 0 1 2500 8000
2019-07-07 00:27 0 0 0 0 0 -100 0 1 2500 8000
2019-07-07 00:28 0 0 0 0 0 -100 0 1 2500 8000
2019-07-07 00:29 0 0 0 0 0 -100 0 1 2500 8000
2019-07-07 00:30 0 0 0 0 0 -100 0 1 2500 8000
2019-07-07 00:31 0 0 0 0 0 -100 0 1 2500 8000
2019-07-07 00:32 0 0 0 0 0 -100 0 1 2500 8000
2019-07-07 00:33 0 0 0 0 0 -100 0 1 2500 8000
2019-07-07 00:34 0 0 0 0 0 -100 0 1 2500 8000
2019-07-07 00:35 0 0 0 0 0 -100 0 1 2500 8000
2019-07-07 00:36 0 0 0 0 0 -100 0 1 2500 8000
2019-07-07 00:37 0 0 0 0 0 -100 0 1 2500 8000
2019-07-07 00:38 0 0 0 0 0 -100 0 1 2500 8000
2019-07-07 00:39 0 0 0 0 0 -100 0 1 2500 8000
2019-07-07 00:40 0 0 0 0 0 -100 0 1 2500 8000
2019-07-07 00:41 0 0 0 0 0 -100 0 1 2500 8000
2019-07-07 00:42 0 0 0 0 0 -100 0 1 2500 8000
2019-07-07 00:43 0 0 0 0 0 -100 0 1 2500 8000
2019-07-07 00:44 0 0 0 0 0 -100 0 1 2500 8000
2019-07-07 00:45 0 0 0 0 0 -100 0 1 2500 8000
2019-07-07 00:46 0 0 0 0 0 -100 0 1 2500 8000
2019-07-07 00:47 0 0 0 0 0 -100 0 1 2500 8000
2019-07-07 00:48 0 0 0 0 0 -100 0 1 2500 8000
2019-07-07 00:49 0 0 0 0 0 -100 0 1 2500 8000
2019-07-07 00:50 0 0 0 0 0 -100 0 1 2500 8000
2019-07-07 00:51 0 0 0 0 0 -100 0 1 2500 8000
2019-07-07 00:52 0 0 0 0 0 -100 0 1 2500 8000
2019-07-07 00:53 0 0 0 0 0 -100 0 1 2500 8000
2019-07-07 00:54 0 0 0 0 0 -100 0 1 2500 8000
2019-07-07 00:55 0 0 0 0 0 -100 0 1 2500 8000
2019-07-07 00:56 0 0 0 0 0 -100 0 1 2500 8000
2019-07-07 00:57 0 0 0 0 0 -100 0 1 2500 8000
2019-07-07 00:58 0 0 0 0 0 -100 0 1 2500 8000
2019-07-07 00:59 0 0 0 0 0 -100 0 1 2500 8000
2019-07-07 01:00 0 0 0 0 0 -100 0 1 2500 8000
2019-07-07 01:01 0 0 0 0 0 -100 0 1 2500 8000
2019-07-07 01:02 0 0 0 0 0 -100 0 1 2500 8000
2019-07-07 01:03 0 0 0 0 0 -100 0 1 2500 8000
2019-07-07 01:04 0 0 0 0 0 -100 0 1 2500 8000
2019-07-07 01:05 0 0 0 0 0 -100 0 1 2500 8000
2019-07-07 01:06 0 0 0 0 0 -100 0 1 2500 8000
2019-07-07 01:07 0 0 0 0 0 -100 0 1 2500 8000
2019-07-07 01:08 0 0 0 0 0 -100 0 1 2500 8000
2019-07-07 01:09 0 0 0 0 0 -100 0 1 2500 8000
2019-07-07 01:10 0 0 0 0 0 -100 0 1 2500 8000
2019-07-07 01:11 0 0 0 0 0 -100 0 1 2500 8000
2019-07-07 01:12 0 0 0 0 0 -100 0 1 2500 8000
2019-07-07 01:13 0 0 0 0 0 -100 0 1 2500 8000
2019-07-07 01:14 0 0 0 0 0 -100 0 1 2500 8000
2019-07-07 01:15 0 0 0 0 0 -100 0 1 2500 8000
2019-07-07 01:16 0 0 0 0 0 -100 0 1 2500 8000
2019-07-07 01:17 0 0 0 0 0 -100 0 1 2500 8000
2019-07-07 01:18 0 0 0 0 0 -100 0 1 2500 8000
2019-07-07 01:19 0 0 0 0 0 -100 0 1 2500 8000
2019-07-07 01:20 0 0 0 0 0 -100 0 1 2500 8000
2019-07-07 01:21 0 0 0 0 0 -100 0 1 2500 8000
2019-07-07 01:22 0 0 0 0 0 -100 0 1 2500 8000
2019-07-07 01:23 0 0 0 0 0 -100 0 1 2500 8000
2019-07-07 01:24 0 0 0 0 0 -100 0 1 2500 8000
2019-07-07 01:25 0 0 0 0 0 -100 0 1 2500 8000
2019-07-07 01:26 0 0 0 0 0 -100 0 1 2500 8000
2019-07-07 01:27 0 0 0 0 0 -100 0 1 2500 8000
2019-07-07 01:28 0 0 0 0 0 -100 0 1 2500 8000
2019-07-07 01:29 0 0 0 0 0 -100 0 1 2500 8000
2019-07-07 01:30 0 0 0 0 0 -100 0 1 2500 8000
2019-07-07 01:31 0 0 0 0 0 -100 0 1 2500 8000
2019-07-07 01:32 0 0 0 0 0 -100 0 1 2500 8000
2019-07-07 01:33 0 0 0 0 0 -100 0 1 2500 8000
2019-07-07 01:34 0 0 0 0 0 -100 0 1 2500 8000
2019-07-07 01:35 0 0 0 0 0 -100 0 1 2500 8000
2019-07-07 01:36 0 0 0 0 0 -100 0 1 2500 8000
2019-07-07 01:37 0 0 0 0 0 -100 0 1 2500 8000
2019-07-07 01:38 0 0 0 0 0 -100 0 1 2500 8000
2019-07-07 01:39 0 0 0 0 0 -100 0 1 2500 8000
2019-07-07 01:40 0 0 0 0 0 -100 0 1 2500 8000
2019-07-07 01:41 0 0 0 0 0 -100 0 1 2500 8000
2019-07-07 01:42 0 0 0 0 0 -100 0 1 2500 8000
2019-07-07 01:43 0 0 0 0 0 -100 0 1 2500 8000
2019-07-07 01:44 0 0 0 0 0 -100 0 1 2500 8000
2019-07-07 01:45 0 0 0 0 0 -100 0 1 2500 8000
2019-07-07 01:46 0 0 0 0 0 -100 0 1 2500 8000
2019-07-07 01:47 0 0 0 0 0 -100 0 1 2500 8000
2019-07-07 01:48 0 0 0 0 0 -100 0 1 2500 8000
2019-07-07 01:49 0 0 0 0 0 -100 0 1 2500 8000
2019-07-07 01:50 0 0 0 0 0 -100 0 1 2500 8000
2019-07-07 01:51 0 0 0 0 0 -100 0 1 2500 8000
2019-07-07 01:52 0 0 0 0 0 -100 0 1 2500 8000
2019-07-07 01:53 0 0 0 0 0 -100 0 1 2500 8000
2019-07-07 01:54 0 0 0 0 0 -100 0 1 2500 8000
2019-07-07 01:55 0 0 0 0 0 -100 0 1 2500 8000
2019-07-07 01:56 0 0 0 0 0 -100 0 1 2500 8000
2019-07-07 01:57 0 0 0 0 0 -100 0 1 2500 8000
2019-07-07 01:58 0 0 0 0 0 -100 0 1 2500 8000
2019-07-07 01:59 0 0 0 0 0 -100 0 1 2500 8000
2019-07-07 02:00 0 0 0 0 0 -100 0 1 2500 8000
2019-07-07 02:01 0 0 0 0 0 -100 0 1 2500 8000
2019-07-07 02:02 0 0 0 0 0 -100 0 1 2500 8000
2019-07-07 02:03 0 0 0 0 0 -100 0 1 2500 8000
2019-07-07 02:04 0 0 0 0 0 -100 0 1 2500 8000
2019-07-07 02:05 0 0 0 0 0 -100 0 1 2500 8000
2019-07-07 02:06 0 0 0 0 0 -100 0 1 2500 8000
2019-07-07 02:07 0 0 0 0 0 -100 0 1 2500 8000
2019-07-07 02:08 0 0 0 0 0 -100 0 1 2500 8000
2019-07-07 02:09 0 0 0 0 0 -100 0 1 2500 8000
2019-07-07 02:10 0 0 0 0 0 -100 0 1 2500 8000
2019-07-07 02:11 0 0 0 0 0 -100 0 1 2500 8000
2019-07-07 02:12 0 0 0 0 0 -100 0 1 2500 8000
2019-07-07 02:13 0 0 0 0 0 -100 0 1 2500 8000
2019-07-07 02:14 0 0 0 0 0 -100 0 1 2500 8000
2019-07-07 02:15 0 0 0 0 0 -100 0 1 2500 8000
2019-07-07 02:16 0 0 0 0 0 -100 0 1 2500 8000
2019-07-07 02:17 0 0 0 0 0 -100 0 1 2500 8000
2019-07-07 02:18 0 0 0 0 0 -100 0 1 2500 8000
2019-07-07 02:19 0 0 0 0 0 -100 0 1 2500 8000
2019-07-07 02:20 0 0 0 0 0 -100 0 1 2500 8000
2019-07-07 02:21 0 0 0 0 0 -100 0 1 2500 8000
2019-07-07 02:22 0 0 0 0 0 -100 0 1 2500 8000
2019-07-07 02:23 0 0 0 0 0 -100 0 1 2500 8000
2019-07-07 02:24 0 0 0 0 0 -100 0 1 2500 8000
2019-07-07 02:25 0 0 0 0 0 -100 0 1 2500 8000
2019-07-07 02:26 0 0 0 0 0 -100 0 1 2500 8000
2019-07-07 02:27 0 0 0 0 0 -100 0 1 2500 8000
2019-07-07 02:28 0 0 0 0 0 -100 0 1 2500 8000
2019-07-07 02:29 0 0 0 0 0 -100 0 1 2500 8000
2019-07-07 02:30 0 0 0 0 0 -100 0 1 2500 8000
2019-07-07 02:31 0 0 0 0 0 -100 0 1 2500 8000
2019-07-07 02:32 0 0 0 0 0 -100 0 1 2500 8000
2019-07-07 02:33 0 0 0 0 0 -100 0 1 2500 8000
2019-07-07 02:34 0 0 0 0 0 -100 0 1 2500 8000
2019-07-07 02:35 0 0 0 0 0 -100 0 1 2500 8000
2019-07-07 02:36 0 0 0 0 0 -100 0 1 2500 8000
2019-07-07 02:37 0 0 0 0 0 -100 0 1 2500 8000
2019-07-07 02:38 0 0 0 0 0 -100 0 1 2500 8000
2019-07-07 02:39 0 0 0 0 0 -100 0 1 2500 8000
2019-07-07 02:40 0 0 0 0 0 -100 0 1 2500 8000
2019-07-07 02:41 0 0 0 0 0 -100 0 1 2500 8000
2019-07-07 02:42 0 0 0 0 0 -100 0 1 2500 8000
2019-07-07 02:43 0 0 0 0 0 -100 0 1 2500 8000
2019-07-07 02:44 0 0 0 0 0 -100 0 1 2500 8000
2019-07-07 02:45 0 0 0 0 0 -100 0 1 2500 8000
2019-07-07 02:46 0 0 0 0 0 -100 0 1 2500 8000
2019-07-07 02:47 0 0 0 0 0 -100 0 1 2500 8000
2019-07-07 02:48 0 0 0 0 0 -100 0 1 2500 8000
2019-07-07 02:49 0 0 0 0 0 -100 0 1 2500 8000
2019-07-07 02:50 0 0 0 0 0 -100 0 1 2500 8000
2019-07-07 02:51 0 0 0 0 0 -100 0 1 2500 8000
2019-07-07 02:52 0 0 0 0 0 -100 0 1 2500 8000
2019-07-07 02:53 0 0 0 0 0 -100 0 1 2500 8000
2019-07-07 02:54 0 0 0 0 0 -100 0 1 2500 8000
2019-07-07 02:55 0 0 0 0 0 -100 0 1 2500 8000
2019-07-07 02:56 0 0 0 0 0 -100 0 1 2500 8000
2019-07-07 02:57 0 0 0 0 0 -100 0 1 2500 8000
2019-07-07 02:58 0 0 0 0 0 -100 0 1 2500 8000
2019-07-07 02:59 0 0 0 0 0 -100 0 1 2500 8000
2019-07-07 03:00 0 0 0 0 0 -100 0 1 2500 8000
2019-07-07 03:01 0 0 0 0 0 -100 0 1 2500 8000
2019-07-07 03:02 0 0 0 0 0 -100 0 1 2500 8000
2019-07-07 03:03 0 0 0 0 0 -100 0 1 2500 8000
2019-07-07 03:04 0 0 0 0 0 -100 0 1 2500 8000
2019-07-07 03:05 0 0 0 0 0 -100 0 1 2500 8000
2019-07-07 03:06 0 0 0 0 0 -100 0 1 2500 8000
2019-07-07 03:07 0 0 0 0 0 -100 0 1 2500 8000
2019-07-07 03:08 0 0 0 0 0 -100 0 1 2500 8000
2019-07-07 03:09 0 0 0 0 0 -100 0 1 2500 8000
2019-07-07 03:10 0 0 0 0 0 -100 0 1 2500 8000
2019-07-07 03:11 0 0 0 0 0 -100 0 1 2500 8000
2019-07-07 03:12 0 0 0 0 0 -100 0 1 2500 8000
2019-07-07 03:13 0 0 0 0 0 -100 0 1 2500 8000
2019-07-07 03:14 0 0 0 0 0 -100 0 1 2500 8000
2019-07-07 03:15 0 0 0 0 0 -100 0 1 2500 8000
2019-07-07 03:16 0 0 0 0 0 -100 0 1 2500 8000
2019-07-07 03:17 0 0 0 0 0 -100 0 1 2500 8000
2019-07-07 03:18 0 0 0 0 0 -100 0 1 2500 8000
2019-07-07 03:19 0 0 0 0 0 -100 0 1 2500 8000
2019-07-07 03:20 0 0 0 0 0 -100 0 1 2500 8000
2019-07-07 03:21 0 0 0 0 0 -100 0 1 2500 8000
2019-07-07 03:22 0 0 0 0 0 -100 0 1 2500 8000
2019-07-07 03:23 0 0 0 0 0 -100 0 1 2500 8000
2019-07-07 03:24 0 0 0 0 0 -100 0 1 2500 8000
2019-07-07 03:25 0 0 0 0 0 -100 0 1 2500 8000
2019-07-07 03:26 0 0 0 0 0 -100 0 1 2500 8000
2019-07-07 03:27 0 0 0 0 0 -100 0 1 2500 8000
2019-07-07 03:28 0 0 0 0 0 -100 0 1 2500 8000
2019-07-07 03:29 0 0 0 0 0 -100 0 1 2500 8000
2019-07-07 03:30 0 0 0 0 0 -100 0 1 2500 8000
2019-07-07 03:31 0 0 0 0 0 -100 0 1 2500 8000
2019-07-07 03:32 0 0 0 0 0 -100 0 1 2500 8000
2019-07-07 03:33 0 0 0 0 0 -100 0 1 2500 8000
2019-07-07 03:34 0 0 0 0 0 -100 0 1 2500 8000
2019-07-07 03:35 0 0 0 0 0 -100 0 1 2500 8000
2019-07-07 03:36 0 0 0 0 0 -100 0 1 2500 8000
2019-07-07 03:37 0 0 0 0 0 -100 0 1 2500 8000
2019-07-07 03:38 0 0 0 0 0 -100 0 1 2500 8000
2019-07-07 03:39 0 0 0 0 0 -100 0 1 2500 8000
2019-07-07 03:40 0 0 0 0 0 -100 0 1 2500 8000
2019-07-07 03:41 0 0 0 0 0 -100 0 1 2500 8000
2019-07-07 03:42 0 0 0 0 0 -100 0 1 2500 8000
2019-07-07 03:43 0 0 0 0 0 -100 0 1 2500 8000
2019-07-07 03:44 0 0 0 0 0 -100 0 1 2500 8000
2019-07-07 03:45 0 0 0 0 0 -100 0 1 2500 8000
2019-07-07 03:46 0 0 0 0 0 -100 0 1 2500 8000
2019-07-07 03:47 0 0 0 0 0 -100 0 1 2500 8000
2019-07-07 03:48 0 0 0 0 0 -100 0 1 2500 8000
2019-07-07 03:49 0 0 0 0 0 -100 0 1 2500 8000
2019-07-07 03:50 0 0 0 0 0 -100 0 1 2500 8000
2019-07-07 03:51 0 0 0 0 0 -100 0 1 2500 8000
2019-07-07 03:52 0 0 0 0 0 -100 0 1 2500 8000
2019-07-07 03:53 0 0 0 0 0 -100 0 1 2500 8000
2019-07-07 03:54 0 0 0 0 0 -100 0 1 2500 8000
2019-07-07 03:55 0 0 0 0 0 -100 0 1 2500 8000
2019-07-07 03:56 0 0 0 0 0 -100 0 1 2500 8000
2019-07-07 03:57 0 0 0 0 0 -100 0 1 2500 8000
2019-07-07 03:58 0 0 0 0 0 -100 0 1 2500 8000
2019-07-07 03:59 0 0 0 0 0 -100 0 1 2500 8000
2019-07-07 04:00 0 0 0 0 0 -100 0 1 2500 8000
2019-07-07 04:01 0 0 0 0 0 -100 0 1 2500 8000
2019-07-07 04:02 0 0 0 0 0 -100 0 1 2500 8000
2019-07-07 04:03 0 0 0 0 0 -100 0 1 2500 8000
2019-07-07 04:04 0 0 0 0 0 -100 0 1 2500 8000
2019-07-07 04:05 0 0 0 0 0 -100 0 1 2500 8000
2019-07-07 04:06 0 0 0 0 0 -100 0 1 2500 8000
2019-07-07 04:07 0 0 0 0 0 -100 0 1 2500 8000
2019-07-07 04:08 0 0 0 0 0 -100 0 1 2500 8000
2019-07-07 04:09 0 0 0 0 0 -100 0 1 2500 8000
2019-07-07 04:10 0 0 0 0 0 -100 0 1 2500 8000
2019-07-07 04:11 0 0 0 0 0 -100 0 1 2500 8000
2019-07-07 04:12 0 0 0 0 0 -100 0 1 2500 8000
2019-07-07 04:13 0 0 0 0 0 -100 0 1 2500 8000
2019-07-07 04:14 0 0 0 0 0 -100 0 1 2500 8000
2019-07-07 04:15 0 0 0 0 0 -100 0 1 2500 8000
2019-07-07 04:16 0 0 0 0 0 -100 0 1 2500 8000
2019-07-07 04:17 0 0 0 0 0 -100 0 1 2500 8000
2019-07-07 04:18 0 0 0 0 0 -100 0 1 2500 8000
2019-07-07 04:19 0 0 0 0 0 -100 0 1 2500 8000
2019-07-07 04:20 0 0 0 0 0 -100 0 1 2500 8000
2019-07-07 04:21 0 0 0 0 0 -100 0 1 2500 8000
2019-07-07 04:22 0 0 0 0 0 -100 0 1 2500 8000
2019-07-07 04:23 0 0 0 0 0 -100 0 1 2500 8000
2019-07-07 04:24 0 0 0 0 0 -100 0 1 2500 8000
2019-07-07 04:25 0 0 0 0 0 -100 0 1 2500 8000
2019-07-07 04:26 0 0 0 0 0 -100 0 1 2500 8000
2019-07-07 04:27 0 0 0 0 0 -100 0 1 2500 8000
2019-07-07 04:28 0 0 0 0 0 -100 0 1 2500 8000
2019-07-07 04:29 0 0 0 0 0 -100 0 1 2500 8000
2019-07-07 04:30 0 0 0 0 0 -100 0 1 2500 8000
2019-07-07 04:31 0 0 0 0 0 -100 0 1 2500 8000
2019-07-07 04:32 0 0 0 0 0 -100 0 1 2500 8000
2019-07-07 04:33 0 0 0 0 0 -100 0 1 2500 8000
2019-07-07 04:34 0 0 0 0 0 -100 0 1 2500 8000
2019-07-07 04:35 0 0 0 0 0 -100 0 1 2500 8000
2019-07-07 04:36 0 0 0 0 0 -100 0 1 2500 8000
2019-07-07 04:37 0 0 0 0 0 -100 0 1 2500 8000
2019-07-07 04:38 0 0 0 0 0 -100 0 1 2500 8000
2019-07-07 04:39 0 0 0 0 0 -100 0 1 2500 8000
2019-07-07 04:40 0 0 0 0 0 -100 0 1 2500 8000
2019-07-07 04:41 0 0 0 0 0 -100 0 1 2500 8000
2019-07-07 04:42 0 0 0 0 0 -100 0 1 2500 8000
2019-07-07 04:43 0 0 0 0 0 -100 0 1 2500 8000
2019-07-07 04:44 0 0 0 0 0 -100 0 1 2500 8000
2019-07-07 04:45 0 0 0 0 0 -100 0 1 2500 8000
2019-07-07 04:46 0 0 0 0 0 -100 0 1 2500 8000
2019-07-07 04:47 0 0 0 0 0 -100 0 1 2500 8000
2019-07-07 04:48 0 0 0 0 0 -100 0 1 2500 8000
2019-07-07 04:49 0 0 0 0 0 -100 0 1 2500 8000
2019-07-07 04:50 0 0 0 0 0 -100 0 1 2500 8000
2019-07-07 04:51 0 0 0 0 0 -100 0 1 2500 8000
2019-07-07 04:52 0 0 0 0 0 -100 0 1 2500 8000
2019-07-07 04:53 0 0 0 0 0 -100 0 1 2500 8000
2019-07-07 04:54 0 0 0 0 0 -100 0 1 2500 8000
2019-07-07 04:55 0 0 0 0 0 -100 0 1 2500 8000
2019-07-07 04:56 0 0 0 0 0 -100 0 1 2500 8000
2019-07-07 04:57 0 0 0 0 0 -100 0 1 2500 8000
2019-07-07 04:58 0 0 0 0 0 -100 0 1 2500 8000
2019-07-07 04:59 0 0 0 0 0 -100 0 1 2500 8000
2019-07-07 05:00 0 0 0 0 0 -100 0 1 2500 8000
2019-07-07 05:01 0 0 0 0 0 -100 0 1 2500 8000
2019-07-07 05:02 0 0 0 0 0 -100 0 1 2500 8000
2019-07-07 05:03 0 0 0 0 0 -100 0 1 2500 8000
2019-07-07 05:04 0 0 0 0 0 -100 0 1 2500 8000
2019-07-07 05:05 0 0 0 0 0 -100 0 1 2500 8000
2019-07-07 05:06 0 0 0 0 0 -100 0 1 2500 8000
2019-07-07 05:07 0 0 0 0 0 -100 0 1 2500 8000
2019-07-07 05:08 0 0 0 0 0 -100 0 1 2500 8000
2019-07-07 05:09 0 0 0 0 0 -100 0 1 2500 8000
2019-07-07 05:10 0 0 0 0 0 -100 0 1 2500 8000
2019-07-07 05:11 0 0 0 0 0 -100 0 1 2500 8000
2019-07-07 05:12 0 0 0 0 0 -100 0 1 2500 8000
2019-07-07 05:13 0 0 0 0 0 -100 0 1 2500 8000
2019-07-07 05:14 0 0 0 0 0 -100 0 1 2500 8000
2019-07-07 05:15 0 0 0 0 0 -100 0 1 2500 8000
2019-07-07 05:16 0 0 0 0 0 -100 0 1 2500 8000
2019-07-07 05:17 0 0 0 0 0 -100 0 1 2500 8000
2019-07-07 05:18 0 0 0 0 0 -100 0 1 2500 8000
2019-07-07 05:19 0 0 0 0 0 -100 0 1 2500 8000
2019-07-07 05:20 0 0 0 0 0 -100 0 1 2500 8000
2019-07-07 05:21 0 0 0 0 0 -100 0 1 2500 8000
2019-07-07 05:22 0 0 0 0 0 -100 0 1 2500 8000
2019-07-07 05:23 0 0 0 0 0 -100 0 1 2500 8000
2019-07-07 05:24 0 0 0 0 0 -100 0 1 2500 8000
2019-07-07 05:25 0 0 0 0 0 -100 0 1 2500 8000
2019-07-07 05:26 0 0 0 0 0 -100 0 1 2500 8000
2019-07-07 05:27 0 0 0 0 0 -100 0 1 2500 8000
2019-07-07 05:28 0 0 0 0 0 -100 0 1 2500 8000
2019-07-07 05:29 0 0 0 0 0 -100 0 1 2500 8000
2019-07-07 05:30 0 0 0 0 0 -100 0 1 2500 8000
2019-07-07 05:31 0 0 0 0 0 -100 0 1 2500 8000
2019-07-07 05:32 0 0 0 0 0 -100 0 1 2500 8000
2019-07-07 05:33 0 0 0 0 0 -100 0 1 2500 8000
2019-07-07 05:34 0 0 0 0 0 -100 0 1 2500 8000
2019-07-07 05:35 0 0 0 0 0 -100 0 1 2500 8000
2019-07-07 05:36 0 0 0 0 0 -100 0 1 2500 8000
2019-07-07 05:37 0 0 0 0 0 -100 0 1 2500 8000
2019-07-07 05:38 0 0 0 0 0 -100 0 1 2500 8000
2019-07-07 05:39 0 0 0 0 0 -100 0 1 2500 8000
2019-07-07 05:40 0 0 0 0 0 -100 0 1 2500 8000
2019-07-07 05:41 0 0 0 0 0 -100 0 1 2500 8000
2019-07-07 05:42 0 0 0 0 0 -100 0 1 2500 8000
2019-07-07 05:43 0 0 0 0 0 -100 0 1 2500 8000
2019-07-07 05:44 0 0 0 0 0 -100 0 1 2500 8000
2019-07-07 05:45 0 0 0 0 0 -100 0 1 2500 8000
2019-07-07 05:46 0 0 0 0 0 -100 0 1 2500 8000
2019-07-07 05:47 0 0 0 0 0 -100 0 1 2500 8000
2019-07-07 05:48 0 0 0 0 0 -100 0 1 2500 8000
2019-07-07 05:49 0 0 0 0 0 -100 0 1 2500 8000
2019-07-07 05:50 0 0 0 0 0 -100 0 1 2500 8000
2019-07-07 05:51 0 0 0 0 0 -100 0 1 2500 8000
2019-07-07 05:52 0 0 0 0 0 -100 0 1 2500 8000
2019-07-07 05:53 0 0 0 0 0 -100 0 1 2500 8000
2019-07-07 05:54 0 0 0 0 0 -100 0 1 2500 8000
2019-07-07 05:55 0 13.97 241.3 0 59.93 19 0 1 2500 0
2019-07-07 05:56 0 13.97 241.3 0 59.93 19 0 1 2500 0
2019-07-07 05:57 0 13.97 241.3 0 59.93 19 0 1 2500 0
2019-07-07 05:58 0 13.61 239.4 0 59.94 19 0 1 2500 0
2019-07-07 05:59 0 12.32 238.5 0 59.94 19 0 1 2500 0
2019-07-07 06:00 0 13.93 238.5 0 59.92 19 0 1 2500 0
2019-07-07 06:01 0 17.84 238.5 0 59.93 19 0 1 2500 0
2019-07-07 06:02 0 15.54 238.5 0 59.93 19 0 1 2500 0
2019-07-07 06:03 0 18.32 238.5 0 59.98 19 0 1 2500 0
2019-07-07 06:04 0 20.37 238.5 0 59.93 19 0 1 2500 0
2019-07-07 06:05 0 26.05 238.5 0 59.92 20 0 1 2500 0
2019-07-07 06:06 0 27.23 238.5 0 59.95 20 0 1 2500 0
2019-07-07 06:07 0 27.71 238.5 0 59.95 20 0 1 2500 0
2019-07-07 06:08 0 28.15 238.5 0 59.94 20 0 1 2500 0
2019-07-07 06:09 0 28.43 238.5 0 59.94 20 0 1 2500 0
2019-07-07 06:10 0.000546 26.82 238.1 0.02 59.93 20 0 1 2500 0
2019-07-07 06:11 0.000963 25.37 238.1 0.04 59.96 20 0 1 2500 0
2019-07-07 06:12 0.000671 29.28 238.5 0 59.93 20 0 1 2500 0
2019-07-07 06:13 0.000511 28.71 238.5 0.02 59.96 21 0 1 2500 0
2019-07-07 06:14 0.000517 28.84 238.5 0 59.97 21 0 1 2500 0
2019-07-07 06:15 0.000473 27.54 238.5 0.02 59.94 21 0 1 2500 0
2019-07-07 06:16 0.00055 26.38 238.5 0.04 59.97 21 0 1 2500 0
2019-07-07 06:17 0 30.05 239 0 59.95 18 0 1 2500 8000
2019-07-07 06:18 0 29.97 238.5 0 59.97 21 0 1 2500 0
2019-07-07 06:19 0 30.09 238.5 0 60 21 0 1 2500 0
2019-07-07 06:20 0 30.17 238.5 0 59.96 21 0 1 2500 0
2019-07-07 06:21 0 30.25 238.5 0 59.97 21 0 1 2500 0
2019-07-07 06:22 0.000708 29.56 239 0.02 59.98 21 0 1 2500 0
2019-07-07 06:23 0.000765 30.33 238.5 0 59.98 21 0 1 2500 0
2019-07-07 06:24 0.00081 29.28 239.4 0.02 59.99 21 0 1 2500 0
2019-07-07 06:25 0.000632 28.27 239.4 0.02 60 21 0 1 2500 0
2019-07-07 06:26 0.000503 30.41 239 0 60 21 0 1 2500 0
2019-07-07 06:27 0.000613 27.71 239 0.04 59.99 21 0 1 2500 0
2019-07-07 06:28 0.000486 30.57 239.4 0 59.98 21 0 1 2500 0
2019-07-07 06:29 0.000533 29.88 239 0 59.99 21 0 1 2500 0
2019-07-07 06:30 0 30.85 239.4 0 59.99 21 0 1 2500 0
2019-07-07 06:31 0 30.89 239.4 0 59.96 21 0 1 2500 0
2019-07-07 06:32 0 30.97 239 0 59.99 21 0 1 2500 0
2019-07-07 06:33 0 31.13 239 0 59.99 21 0 1 2500 0
2019-07-07 06:34 0.000891 29.28 239.4 0.02 59.98 21 0 1 2500 0
2019-07-07 06:35 0.000656 29.4 239.4 0.02 60.02 21 0 1 2500 0
2019-07-07 06:36 0.001723 31.29 238.5 0.02 60.01 21 0 1 2500 0
2019-07-07 06:37 0.0013 31.25 239 0 60.02 21 0 1 2500 0
2019-07-07 06:38 0.001619 30.13 239 0.02 60 21 0 1 2500 0
2019-07-07 06:39 0.002127 29.28 239.4 0.05 60 21 0 1 2500 0
2019-07-07 06:40 0.003373 27.02 239.4 0.05 60.01 21 0 1 2500 0
2019-07-07 06:41 0.005034 28.75 239.4 0.05 59.98 21 0 1 2500 0
2019-07-07 06:42 0.005389 29.16 239 0.05 59.99 22 0 1 2500 0
2019-07-07 06:43 0.006767 29.28 239.4 0.06 60 22 0 1 2500 0
2019-07-07 06:44 0.007842 30.04 239.4 0.05 59.99 22 0 1 2500 0
2019-07-07 06:45 0.007106 30.81 239.4 0.05 59.99 22 0 1 2500 0
2019-07-07 06:46 0.007408 29.72 239.4 0.06 60.02 22 0 1 2500 0
2019-07-07 06:47 0.006982 31.13 239.4 0.05 60 22 0 1 2500 0
2019-07-07 06:48 0.00656 31.46 239 0.05 60 22 0 1 2500 0
2019-07-07 06:49 0.007097 31.01 239.4 0.06 59.99 22 0 1 2500 0
2019-07-07 06:50 0.00852 29.8 239.9 0.06 60.02 22 0 1 2500 0
2019-07-07 06:51 0.00968 31.25 239.9 0.06 59.99 22 0 1 2500 0
2019-07-07 06:52 0.008715 31.29 239.4 0.05 59.99 23 0 1 2500 0
2019-07-07 06:53 0.008094 30.93 239.4 0.06 59.99 23 0 1 2500 0
2019-07-07 06:54 0.008239 30.49 239.9 0.05 60 23 0.001 1 2500 0
2019-07-07 06:55 0.008082 30.97 239 0.05 60 23 0.001 1 2500 0
2019-07-07 06:56 0.007516 30.93 239 0.05 59.99 23 0.002 1 2500 0
2019-07-07 06:57 0.007246 31.21 239.4 0.06 59.96 23 0.002 1 2500 0
2019-07-07 06:58 0.007968 31.33 238.5 0.05 59.99 23 0.002 1 2500 0
2019-07-07 06:59 0.007335 30.16 238.5 0.05 59.98 23 0.002 1 2500 0
2019-07-07 07:00 0.007494 30.49 237.2 0.06 59.96 23 0.002 1 2500 0
2019-07-07 07:01 0.00679 31.17 239.4 0.05 59.95 23 0.002 1 2500 0
2019-07-07 07:02 0.007989 31.62 240.3 0.05 59.97 23 0.002 1 2500 0
2019-07-07 07:03 0.008422 30.53 239.4 0.06 59.97 24 0.002 1 2500 0
2019-07-07 07:04 0.009316 30.08 239.9 0.06 59.98 24 0.002 1 2500 0
2019-07-07 07:05 0.012082 29.64 239.4 0.06 59.97 24 0.002 1 2500 0
2019-07-07 07:06 0.014493 29.84 239.4 0.06 59.97 24 0.002 1 2500 0
2019-07-07 07:07 0.015616 29.28 240.3 0.07 59.96 24 0.003 1 2500 0
2019-07-07 07:08 0.016073 27.91 240.3 0.06 60 24 0.004 1 2500 0
2019-07-07 07:09 0.016863 28.39 240.3 0.06 59.98 24 0.004 1 2500 0
2019-07-07 07:10 0.017089 29.48 240.3 0.06 59.98 24 0.004 1 2500 0
2019-07-07 07:11 0.017061 28.75 240.3 0.07 59.98 24 0.004 1 2500 0
2019-07-07 07:12 0.017037 28.88 240.3 0.06 59.98 24 0.004 1 2500 0
2019-07-07 07:13 0.016392 29.16 240.3 0.06 59.98 24 0.004 1 2500 0
2019-07-07 07:14 0.018381 28.75 240.3 0.06 59.98 24 0.005 1 2500 0
2019-07-07 07:15 0.019742 29.32 240.3 0.08 59.98 24 0.005 1 2500 0
2019-07-07 07:16 0.020235 29.56 240.3 0.06 59.98 24 0.006 1 2500 0
2019-07-07 07:17 0.020676 29.12 240.3 0.06 59.99 24 0.006 1 2500 0
2019-07-07 07:18 0.021119 29.04 240.3 0.07 59.98 25 0.006 1 2500 0
2019-07-07 07:19 0.021174 29.28 240.3 0.06 59.98 25 0.006 1 2500 0
2019-07-07 07:20 0.019593 27.95 240.3 0.07 60.02 25 0.007 1 2500 0
2019-07-07 07:21 0.02072 29.32 240.8 0.06 60.02 25 0.007 1 2500 0
2019-07-07 07:22 0.020736 29.24 238.5 0.07 60 25 0.008 1 2500 0
2019-07-07 07:23 0.020869 29.28 239.4 0.08 60.03 25 0.008 1 2500 0
2019-07-07 07:24 0.020846 29.04 238.5 0.06 60.04 25 0.008 1 2500 0
2019-07-07 07:25 0.020924 28.59 239.4 0.07 60.04 25 0.008 1 2500 0
2019-07-07 07:26 0.020028 28.68 239 0.06 60.04 25 0.009 1 2500 0
2019-07-07 07:27 0.019469 28.55 239 0.07 60.05 25 0.009 1 2500 0
2019-07-07 07:28 0.019207 27.95 238.5 0.07 60.05 25 0.01 1 2500 0
2019-07-07 07:29 0.019126 28.31 239 0.06 60.06 25 0.01 1 2500 0
2019-07-07 07:30 0.018629 29 239 0.07 60.05 25 0.01 1 2500 0
2019-07-07 07:31 0.01883 28.84 238.5 0.07 60.03 25 0.01 1 2500 0
2019-07-07 07:32 0.019814 28.23 238.5 0.07 60.05 25 0.011 1 2500 0
2019-07-07 07:33 0.020036 29.04 238.5 0.08 60.03 25 0.011 1 2500 0
2019-07-07 07:34 0.020284 29.2 238.5 0.06 60.02 25 0.012 1 2500 0
2019-07-07 07:35 0.020552 28.51 238.5 0.07 60.03 25 0.012 1 2500 0
2019-07-07 07:36 0.018518 29.32 238.5 0.07 60.03 25 0.012 1 2500 0
2019-07-07 07:37 0.016323 29.56 238.1 0.07 60.04 25 0.012 1 2500 0
2019-07-07 07:38 0.010898 30.61 238.5 0.05 60 25 0.013 1 2500 0
2019-07-07 07:39 0.009591 30.69 238.5 0.06 60.01 25 0.013 1 2500 0
2019-07-07 07:40 0.007252 31.25 238.5 0.06 59.98 26 0.013 1 2500 0
2019-07-07 07:41 0.006966 30.28 238.5 0.05 59.99 26 0.013 1 2500 0
2019-07-07 07:42 0.006683 29.03 239 0.05 59.98 26 0.013 1 2500 0
2019-07-07 07:43 0.00635 26.02 239 0.05 59.98 26 0.013 1 2500 0
2019-07-07 07:44 0.006876 30.65 238.5 0.05 59.99 26 0.013 1 2500 0
2019-07-07 07:45 0.006994 30.85 238.5 0.05 59.98 26 0.014 1 2500 0
2019-07-07 07:46 0.008614 30.65 238.5 0.06 59.97 26 0.014 1 2500 0
2019-07-07 07:47 0.013555 29.36 239 0.07 60 26 0.014 1 2500 0
2019-07-07 07:48 0.018784 29.68 238.5 0.07 60.02 26 0.014 1 2500 0
2019-07-07 07:49 0.020161 29.76 239.4 0.07 59.99 26 0.015 1 2500 0
2019-07-07 07:50 0.021024 29.52 238.5 0.07 60.02 26 0.015 1 2500 0
2019-07-07 07:51 0.020615 29.12 238.5 0.07 60 26 0.015 1 2500 0
2019-07-07 07:52 0.020288 28.43 238.1 0.07 60.02 26 0.016 1 2500 0
2019-07-07 07:53 0.020228 29.2 238.5 0.07 60 26 0.016 1 2500 0
2019-07-07 07:54 0.020712 29.6 238.1 0.07 60.02 26 0.016 1 2500 0
2019-07-07 07:55 0.020195 28.27 238.1 0.07 60.04 26 0.017 1 2500 0
2019-07-07 07:56 0.019191 28.43 239 0.06 60.03 26 0.017 1 2500 0
2019-07-07 07:57 0.017965 28.43 239 0.06 60.04 26 0.017 1 2500 0
2019-07-07 07:58 0.012961 30.61 240.3 0.06 60.03 26 0.017 1 2500 0
2019-07-07 07:59 0.014887 28.75 240.3 0.06 60.04 26 0.018 1 2500 0
2019-07-07 08:00 0.016861 28.15 240.3 0.07 60.03 26 0.018 1 2500 0
2019-07-07 08:01 0.016495 29.12 240.3 0.07 60.04 26 0.018 1 2500 0
2019-07-07 08:02 0.018615 28.59 240.3 0.06 60.04 26 0.019 1 2500 0
2019-07-07 08:03 0.018197 28.47 239.4 0.07 60.04 26 0.019 1 2500 0
2019-07-07 08:04 0.017552 28.92 239.9 0.07 60.04 26 0.019 1 2500 0
2019-07-07 08:05 0.022641 27.27 239.9 0.07 60.03 26 0.019 1 2500 0
2019-07-07 08:06 0.024968 25.93 239.4 0.07 60.05 26 0.02 1 2500 0
2019-07-07 08:07 0.025744 23.32 240.3 0.06 60.03 26 0.02 1 2500 0
2019-07-07 08:08 0.02506 24.24 240.3 0.07 60.04 26 0.021 1 2500 0
2019-07-07 08:09 0.024927 24.4 240.3 0.07 60.06 26 0.021 1 2500 0
2019-07-07 08:10 0.024457 23.15 239.9 0.06 60.04 26 0.022 1 2500 0
2019-07-07 08:11 0.026627 25.77 238.5 0.07 60 26 0.022 1 2500 0
2019-07-07 08:12 0.027786 27.59 239 0.08 60.04 26 0.022 1 2500 0
2019-07-07 08:13 0.029623 27.91 238.5 0.08 60 26 0.023 1 2500 0
2019-07-07 08:14 0.0318 28.27 238.5 0.08 59.99 26 0.023 1 2500 0
2019-07-07 08:15 0.033184 28.15 238.5 0.08 60.02 26 0.024 1 2500 0
2019-07-07 08:16 0.033122 28.63 239 0.08 59.97 26 0.025 1 2500 0
2019-07-07 08:17 0.032682 28.23 239.4 0.09 59.97 26 0.025 1 2500 0
2019-07-07 08:18 0.03212 27.06 240.3 0.08 59.97 26 0.026 1 2500 0
2019-07-07 08:19 0.031495 28.35 240.3 0.08 59.98 26 0.026 1 2500 0
2019-07-07 08:20 0.030988 28.31 239.4 0.08 59.97 26 0.027 1 2500 0
2019-07-07 08:21 0.031375 27.26 239.9 0.08 59.97 26 0.027 1 2500 0
2019-07-07 08:22 0.031277 28.15 240.3 0.08 59.99 27 0.028 1 2500 0
2019-07-07 08:23 0.030983 28.27 240.3 0.08 59.99 26 0.028 1 2500 0
2019-07-07 08:24 0.030679 28.07 240.3 0.09 59.98 27 0.029 1 2500 0
2019-07-07 08:25 0.03151 29.36 238.1 0.08 60 27 0.029 1 2500 0
2019-07-07 08:26 0.0337 28.43 239.4 0.09 59.99 27 0.03 1 2500 0
2019-07-07 08:27 0.035515 27.99 239.9 0.09 59.99 27 0.03 1 2500 0
2019-07-07 08:28 0.03755 28.19 239.9 0.09 59.98 27 0.031 1 2500 0
2019-07-07 08:29 0.038587 28.59 240.3 0.1 59.97 27 0.032 1 2500 0
2019-07-07 08:30 0.038162 28.11 239.9 0.09 60.01 27 0.032 1 2500 0
2019-07-07 08:31 0.038342 28.15 239.9 0.09 59.97 27 0.033 1 2500 0
2019-07-07 08:32 0.03877 29.12 240.3 0.1 60 27 0.034 1 2500 0
2019-07-07 08:33 0.039792 28.47 240.3 0.09 59.99 27 0.034 1 2500 0
2019-07-07 08:34 0.040728 28.56 239.9 0.1 59.99 27 0.035 1 2500 0
2019-07-07 08:35 0.042211 27.87 239.4 0.1 60.02 27 0.036 1 2500 0
2019-07-07 08:36 0.042516 28.35 239.9 0.1 60.02 27 0.036 1 2500 0
2019-07-07 08:37 0.042658 28.68 240.3 0.11 60 27 0.037 1 2500 0
2019-07-07 08:38 0.043599 28.52 240.3 0.11 60.02 27 0.038 1 2500 0
2019-07-07 08:39 0.045228 28.43 239.9 0.11 60.03 27 0.039 1 2500 0
2019-07-07 08:40 0.046147 29.24 239.4 0.11 60.01 27 0.04 1 2500 0
2019-07-07 08:41 0.046761 28.39 239.9 0.11 60 27 0.04 1 2500 0
2019-07-07 08:42 0.04659 28.39 239.9 0.11 60.02 27 0.041 1 2500 0
2019-07-07 08:43 0.045836 28.68 240.3 0.1 60.03 27 0.042 1 2500 0
2019-07-07 08:44 0.045529 27.67 239.9 0.11 60.04 27 0.042 1 2500 0
2019-07-07 08:45 0.045721 28.07 239.4 0.1 60.02 27 0.043 1 2500 0
2019-07-07 08:46 0.04601 28.92 240.3 0.11 60.03 27 0.044 1 2500 0
2019-07-07 08:47 0.046577 28.59 239.9 0.11 60.02 27 0.045 1 2500 0
2019-07-07 08:48 0.046942 28.59 239.9 0.11 60.02 27 0.046 1 2500 0
2019-07-07 08:49 0.047046 28.63 239.9 0.11 60.03 28 0.046 1 2500 0
2019-07-07 08:50 0.046958 28.91 239.9 0.11 60 28 0.047 1 2500 0
2019-07-07 08:51 0.045724 28.63 239.4 0.11 60.02 28 0.048 1 2500 0
2019-07-07 08:52 0.044749 27.91 239.4 0.1 60.04 28 0.048 1 2500 0
2019-07-07 08:53 0.045011 28.76 239.9 0.1 60.03 28 0.049 1 2500 0
2019-07-07 08:54 0.046155 27.91 239.4 0.11 60.02 28 0.05 1 2500 0
2019-07-07 08:55 0.046844 28.07 239.4 0.11 59.99 28 0.051 1 2500 0
2019-07-07 08:56 0.047627 28.35 239.4 0.11 60 28 0.052 1 2500 0
2019-07-07 08:57 0.047955 28.91 239.4 0.12 59.99 28 0.053 1 2500 0
2019-07-07 08:58 0.047812 27.83 239 0.11 60.02 28 0.053 1 2500 0
2019-07-07 08:59 0.048517 29.44 239.4 0.11 60 28 0.054 1 2500 0
2019-07-07 09:00 0.050495 29.76 239.4 0.12 59.99 28 0.055 1 2500 0
2019-07-07 09:01 0.052056 28.84 239.4 0.12 60 28 0.056 1 2500 0
2019-07-07 09:02 0.053939 28.67 238.5 0.13 60.03 28 0.057 1 2500 0
2019-07-07 09:03 0.055408 28.84 239.4 0.13 60 28 0.058 1 2500 0
2019-07-07 09:04 0.05634 28.11 239.4 0.13 60.02 28 0.059 1 2500 0
2019-07-07 09:05 0.056804 28.63 239 0.12 59.99 28 0.06 1 2500 0
2019-07-07 09:06 0.056274 28.6 239.4 0.12 59.99 28 0.06 1 2500 0
2019-07-07 09:07 0.055573 29.2 239 0.13 59.99 28 0.062 1 2500 0
2019-07-07 09:08 0.055785 28.19 239.4 0.12 59.99 28 0.062 1 2500 0
2019-07-07 09:09 0.056508 28.19 238.5 0.13 60 28 0.063 1 2500 0
2019-07-07 09:10 0.057487 29.16 239 0.13 60.02 28 0.064 1 2500 0
2019-07-07 09:11 0.058634 28.92 239.4 0.14 60.01 28 0.065 1 2500 0
2019-07-07 09:12 0.060206 29.04 239 0.14 60.02 28 0.066 1 2500 0
2019-07-07 09:13 0.060789 29.28 239 0.13 60 28 0.067 1 2500 0
2019-07-07 09:14 0.060817 29.44 239 0.13 59.99 28 0.068 1 2500 0
2019-07-07 09:15 0.061359 28.96 239.4 0.14 60.01 29 0.07 1 2500 0
2019-07-07 09:16 0.061954 28.55 239.4 0.14 60.03 29 0.07 1 2500 0
2019-07-07 09:17 0.063652 29.28 240.3 0.14 60.03 29 0.072 1 2500 0
2019-07-07 09:18 0.065681 29.52 240.3 0.14 60.03 29 0.072 1 2500 0
2019-07-07 09:19 0.067575 29.4 239.9 0.15 60.06 29 0.074 1 2500 0
2019-07-07 09:20 0.06914 28.88 239.9 0.16 60.06 29 0.075 1 2500 0
2019-07-07 09:21 0.070999 28.79 240.3 0.15 60.04 29 0.076 1 2500 0
2019-07-07 09:22 0.072615 29.56 239.9 0.16 60.03 29 0.077 1 2500 0
2019-07-07 09:23 0.073819 28.63 239.4 0.16 60.03 29 0.078 1 2500 0
2019-07-07 09:24 0.075338 29.36 239.9 0.16 60.05 29 0.08 1 2500 0
2019-07-07 09:25 0.07703 28.88 239.9 0.16 60.03 29 0.081 1 2500 0
2019-07-07 09:26 0.079141 28.96 239.4 0.18 60.03 29 0.082 1 2500 0
2019-07-07 09:27 0.081143 28.91 239.4 0.18 60.04 29 0.084 1 2500 0
2019-07-07 09:28 0.082403 29.48 239.4 0.18 60.03 29 0.085 1 2500 0
2019-07-07 09:29 0.083953 29.12 239.4 0.18 60.04 29 0.086 1 2500 0
2019-07-07 09:30 0.085033 29.12 239.4 0.18 60.03 29 0.088 1 2500 0
2019-07-07 09:31 0.085234 29.6 239.4 0.18 60.02 29 0.09 1 2500 0
2019-07-07 09:32 0.08545 29 239.4 0.18 60.03 29 0.091 1 2500 0
2019-07-07 09:33 0.085308 28.83 239.4 0.18 60.02 29 0.092 1 2500 0
2019-07-07 09:34 0.085153 28.75 239.4 0.18 60.01 30 0.094 1 2500 0
2019-07-07 09:35 0.085045 28.99 239.4 0.18 59.99 29 0.095 1 2500 0
2019-07-07 09:36 0.085176 28.88 239 0.18 60 30 0.096 1 2500 0
2019-07-07 09:37 0.085624 29.36 239 0.19 60 30 0.098 1 2500 0
2019-07-07 09:38 0.086008 28.96 239 0.18 60.02 30 0.099 1 2500 0
2019-07-07 09:39 0.087239 28.55 239.4 0.19 60.03 30 0.101 1 2500 0
2019-07-07 09:40 0.089462 28.84 239.4 0.2 60.03 30 0.102 1 2500 0
2019-07-07 09:41 0.0924 28.59 239 0.21 60.02 30 0.104 1 2500 0
2019-07-07 09:42 0.095719 29.16 239 0.21 60.04 30 0.106 1 2500 0
2019-07-07 09:43 0.098999 29.28 239.4 0.22 60.02 30 0.108 1 2500 0
2019-07-07 09:44 0.100281 29.32 239.4 0.21 60.05 30 0.109 1 2500 0
2019-07-07 09:45 0.100282 29.44 239 0.21 60.03 30 0.11 1 2500 0
2019-07-07 09:46 0.098789 29.28 239 0.21 60.04 30 0.112 1 2500 0
2019-07-07 09:47 0.097218 28.59 239 0.21 60.03 30 0.114 1 2500 0
2019-07-07 09:48 0.095324 28.84 239.4 0.21 60.05 30 0.116 1 2500 0
2019-07-07 09:49 0.093949 28.92 239.4 0.21 60.06 30 0.117 1 2500 0
2019-07-07 09:50 0.093187 29.36 239 0.2 60.05 30 0.118 1 2500 0
2019-07-07 09:51 0.092882 28.88 238.5 0.2 60.06 30 0.12 1 2500 0
2019-07-07 09:52 0.092598 28.84 239.4 0.2 60.06 30 0.122 1 2500 0
2019-07-07 09:53 0.092484 28.72 239.4 0.2 60.06 30 0.122 1 2500 0
2019-07-07 09:54 0.092042 28.71 239.4 0.2 60.06 31 0.124 1 2500 0
2019-07-07 09:55 0.091536 28.64 239 0.2 60.06 31 0.126 1 2500 0
2019-07-07 09:56 0.090898 28.92 238.5 0.19 60.07 31 0.128 1 2500 0
2019-07-07 09:57 0.08984 28.6 238.5 0.18 60.05 31 0.129 1 2500 0
2019-07-07 09:58 0.088386 28.64 238.5 0.18 60.03 31 0.13 1 2500 0
2019-07-07 09:59 0.086604 28.84 239 0.18 60 31 0.132 1 2500 0
2019-07-07 10:00 0.085486 29.08 239.4 0.18 60.04 31 0.134 1 2500 0
2019-07-07 10:01 0.085577 28.96 239.9 0.18 60.03 31 0.134 1 2500 0
2019-07-07 10:02 0.087749 29.44 239.4 0.2 60.05 31 0.136 1 2500 0
2019-07-07 10:03 0.091856 28.96 239.4 0.21 60.08 31 0.138 1 2500 0
2019-07-07 10:04 0.097202 28.88 239.4 0.21 60.04 31 0.14 1 2500 0
2019-07-07 10:05 0.100726 29.08 239.4 0.22 60.04 31 0.141 1 2500 0
2019-07-07 10:06 0.103477 29.2 239.9 0.22 60.04 31 0.143 1 2500 0
2019-07-07 10:07 0.105059 28.84 239.4 0.22 60.02 31 0.144 1 2500 0
2019-07-07 10:08 0.104767 29.24 239.4 0.22 60 31 0.146 1 2500 0
2019-07-07 10:09 0.103243 29.28 239 0.22 60 31 0.148 1 2500 0
2019-07-07 10:10 0.103182 28.84 238.5 0.22 60.01 31 0.15 1 2500 0
2019-07-07 10:11 0.105 29.16 239.4 0.23 60.02 31 0.152 1 2500 0
2019-07-07 10:12 0.108274 28.72 238.5 0.23 60.02 31 0.154 1 2500 0
2019-07-07 10:13 0.111369 29.04 238.5 0.25 60.02 31 0.156 1 2500 0
2019-07-07 10:14 0.11484 28.68 239 0.25 60.02 32 0.158 1 2500 0
2019-07-07 10:15 0.115602 28.96 238.5 0.25 60.02 32 0.16 1 2500 0
2019-07-07 10:16 0.114445 28.76 238.5 0.23 60.03 32 0.161 1 2500 0
2019-07-07 10:17 0.111822 28.72 238.1 0.23 60.03 32 0.163 1 2500 0
2019-07-07 10:18 0.1096 28.84 238.5 0.23 60.02 32 0.165 1 2500 0
2019-07-07 10:19 0.108091 28.63 238.5 0.23 60.03 32 0.166 1 2500 0
2019-07-07 10:20 0.107921 28.84 238.5 0.23 60.05 32 0.168 1 2500 0
2019-07-07 10:21 0.108598 27.95 238.5 0.23 60.05 32 0.17 1 2500 0
2019-07-07 10:22 0.10982 28.92 238.5 0.23 60.08 32 0.172 1 2500 0
2019-07-07 10:23 0.112581 28.96 238.1 0.25 60.09 32 0.174 1 2500 0
2019-07-07 10:24 0.11619 28.8 238.1 0.25 60.1 32 0.176 1 2500 0
2019-07-07 10:25 0.121169 29.08 238.1 0.26 60.07 32 0.178 1 2500 0
2019-07-07 10:26 0.122984 29.16 238.1 0.27 60.06 32 0.18 1 2500 0
2019-07-07 10:27 0.122921 28.83 238.5 0.25 60.05 32 0.182 1 2500 0
2019-07-07 10:28 0.12144 29.32 238.5 0.25 60.05 32 0.184 1 2500 0
2019-07-07 10:29 0.120369 29.16 238.5 0.25 60.06 32 0.186 1 2500 0
2019-07-07 10:30 0.118673 28.72 238.1 0.25 60.07 33 0.188 1 2500 0
2019-07-07 10:31 0.117262 28.15 237.6 0.25 60.05 32 0.19 1 2500 0
2019-07-07 10:32 0.115555 28.72 237.6 0.25 60.06 33 0.192 1 2500 0
2019-07-07 10:33 0.114037 28.68 238.5 0.24 60.05 33 0.194 1 2500 0
2019-07-07 10:34 0.113443 28.92 238.5 0.24 60.06 33 0.196 1 2500 0
2019-07-07 10:35 0.113939 28.8 238.5 0.25 60.05 33 0.197 1 2500 0
2019-07-07 10:36 0.117392 28.56 239 0.25 60.06 33 0.2 1 2500 0
2019-07-07 10:37 0.120634 28.47 239.4 0.27 60.06 33 0.202 1 2500 0
2019-07-07 10:38 0.125991 28.76 238.5 0.28 60.09 33 0.204 1 2500 0
2019-07-07 10:39 0.132223 28.6 238.5 0.29 60.09 33 0.206 1 2500 0
2019-07-07 10:40 0.135426 29.36 238.5 0.29 60.07 33 0.208 1 2500 0
2019-07-07 10:41 0.135752 28.31 239 0.29 60.09 33 0.21 1 2500 0
2019-07-07 10:42 0.135492 28.43 238.5 0.29 60.07 33 0.212 1 2500 0
2019-07-07 10:43 0.13546 29.07 238.5 0.29 60.05 33 0.214 1 2500 0
2019-07-07 10:44 0.135753 29.08 238.5 0.29 60.06 33 0.218 1 2500 0
2019-07-07 10:45 0.135743 28.88 239.4 0.29 60.07 33 0.219 1 2500 0
2019-07-07 10:46 0.135542 28.75 239.4 0.28 60.05 33 0.222 1 2500 0
2019-07-07 10:47 0.134766 28.8 239 0.28 60.04 34 0.224 1 2500 0
2019-07-07 10:48 0.132786 28.76 238.5 0.27 60.04 34 0.226 1 2500 0
2019-07-07 10:49 0.12804 28.35 238.5 0.26 60.06 34 0.228 1 2500 0
2019-07-07 10:50 0.123917 28.15 238.5 0.25 60.03 34 0.23 1 2500 0
2019-07-07 10:51 0.120488 28.31 237.6 0.24 60.05 34 0.232 1 2500 0
2019-07-07 10:52 0.116812 28.67 238.5 0.24 60.06 34 0.234 1 2500 0
2019-07-07 10:53 0.114882 28.03 238.5 0.24 60.04 34 0.236 1 2500 0
2019-07-07 10:54 0.115308 28.72 238.5 0.25 60.04 34 0.238 1 2500 0
2019-07-07 10:55 0.116665 28.79 239 0.25 60.03 34 0.24 1 2500 0
2019-07-07 10:56 0.118521 28.63 238.5 0.26 60.03 34 0.242 1 2500 0
2019-07-07 10:57 0.120475 29.08 238.1 0.26 60.07 34 0.244 1 2500 0
2019-07-07 10:58 0.121677 29.08 238.1 0.26 60.05 34 0.246 1 2500 0
2019-07-07 10:59 0.122906 29.08 238.5 0.27 60.04 34 0.248 1 2500 0
2019-07-07 11:00 0.125416 28.47 238.1 0.27 60.05 34 0.25 1 2500 0
2019-07-07 11:01 0.12817 28.55 238.5 0.28 60.05 34 0.252 1 2500 0
2019-07-07 11:02 0.129876 28.19 238.5 0.28 60.04 34 0.254 1 2500 0
2019-07-07 11:03 0.131173 28.91 239 0.28 60.05 34 0.256 1 2500 0
2019-07-07 11:04 0.132301 28.51 239 0.28 60.04 34 0.258 1 2500 0
2019-07-07 11:05 0.133442 28.63 238.5 0.29 60.05 34 0.262 1 2500 0
2019-07-07 11:06 0.136013 28.79 238.5 0.29 60.06 35 0.264 1 2500 0
2019-07-07 11:07 0.137852 27.99 238.1 0.29 60.06 35 0.265 1 2500 0
2019-07-07 11:08 0.140851 28.15 238.5 0.3 60.05 35 0.268 1 2500 0
2019-07-07 11:09 0.142523 28.43 238.5 0.31 60.1 35 0.27 1 2500 0
2019-07-07 11:10 0.144551 28.23 238.5 0.31 60.1 35 0.273 1 2500 0
2019-07-07 11:11 0.144386 28.43 238.5 0.3 60.09 35 0.276 1 2500 0
2019-07-07 11:12 0.143248 28.27 237.6 0.31 60.1 35 0.278 1 2500 0
2019-07-07 11:13 0.141822 28.68 237.2 0.3 60.13 35 0.28 1 2500 0
2019-07-07 11:14 0.141303 28.23 237.6 0.29 60.11 35 0.282 1 2500 0
2019-07-07 11:15 0.140771 28.79 237.2 0.29 60.11 35 0.284 1 2500 0
2019-07-07 11:16 0.140578 28.59 238.5 0.29 60.11 35 0.286 1 2500 0
2019-07-07 11:17 0.13983 27.91 238.1 0.29 60.11 35 0.29 1 2500 0
2019-07-07 11:18 0.139581 28.39 237.6 0.3 60.12 35 0.292 1 2500 0
2019-07-07 11:19 0.140126 28.35 237.6 0.3 60.06 35 0.294 1 2500 0
2019-07-07 11:20 0.142504 28.39 237.6 0.31 60.07 35 0.296 1 2500 0
2019-07-07 11:21 0.146608 28.35 237.2 0.32 60.08 35 0.298 1 2500 0
2019-07-07 11:22 0.150461 28.92 238.1 0.32 60.1 35 0.302 1 2500 0
2019-07-07 11:23 0.154022 28.75 238.1 0.33 60.07 35 0.304 1 2500 0
2019-07-07 11:24 0.157201 28.51 238.5 0.34 60.1 35 0.306 1 2500 0
2019-07-07 11:25 0.159207 28.31 238.1 0.34 60.09 36 0.309 1 2500 0
2019-07-07 11:26 0.158733 27.99 238.1 0.33 60.1 36 0.312 1 2500 0
2019-07-07 11:27 0.156163 28.35 238.1 0.33 60.1 36 0.314 1 2500 0
2019-07-07 11:28 0.152914 28.55 237.6 0.32 60.13 36 0.317 1 2500 0
2019-07-07 11:29 0.150082 28.23 237.6 0.32 60.12 36 0.32 1 2500 0
2019-07-07 11:30 0.148081 28.23 237.6 0.31 60.11 36 0.322 1 2500 0
2019-07-07 11:31 0.147508 28.64 238.5 0.31 60.11 36 0.324 1 2500 0
2019-07-07 11:32 0.148795 28.23 238.1 0.32 60.12 36 0.326 1 2500 0
2019-07-07 11:33 0.150542 28.43 238.1 0.33 60.13 36 0.33 1 2500 0
2019-07-07 11:34 0.154457 28.76 237.6 0.33 60.13 36 0.332 1 2500 0
2019-07-07 11:35 0.15752 28.07 237.2 0.35 60.11 36 0.334 1 2500 0
2019-07-07 11:36 0.162496 27.87 237.2 0.35 60.15 36 0.338 1 2500 0
2019-07-07 11:37 0.165247 28.31 237.6 0.35 60.13 36 0.34 1 2500 0
2019-07-07 11:38 0.167053 28.63 237.6 0.35 60.09 36 0.342 1 2500 0
2019-07-07 11:39 0.168641 28.27 237.6 0.36 60.1 36 0.346 1 2500 0
2019-07-07 11:40 0.169521 28.56 237.6 0.36 60.09 36 0.348 1 2500 0
2019-07-07 11:41 0.170115 28.23 237.6 0.35 60.06 36 0.352 1 2500 0
2019-07-07 11:42 0.170743 27.95 237.2 0.36 60.08 36 0.354 1 2500 0
2019-07-07 11:43 0.170448 28.67 237.6 0.35 60.05 37 0.357 1 2500 0
2019-07-07 11:44 0.170686 28.51 237.6 0.36 60.07 37 0.36 1 2500 0
2019-07-07 11:45 0.171736 28.39 236.7 0.37 60.07 37 0.362 1 2500 0
2019-07-07 11:46 0.173794 28.03 236.7 0.37 60.06 37 0.366 1 2500 0
2019-07-07 11:47 0.174588 28.39 237.6 0.37 60.09 37 0.368 1 2500 0
2019-07-07 11:48 0.174527 28.55 237.6 0.37 60.09 37 0.371 1 2500 0
2019-07-07 11:49 0.173412 28.19 238.1 0.36 60.12 37 0.374 1 2500 0
2019-07-07 11:50 0.17153 28.03 238.5 0.35 60.11 37 0.377 1 2500 0
2019-07-07 11:51 0.169803 28.47 237.6 0.35 60.14 37 0.38 1 2500 0
2019-07-07 11:52 0.16885 28.19 238.5 0.35 60.13 37 0.383 1 2500 0
2019-07-07 11:53 0.168609 28.31 238.1 0.35 60.12 37 0.385 1 2500 0
2019-07-07 11:54 0.169259 28.03 238.1 0.36 60.13 37 0.388 1 2500 0
2019-07-07 11:55 0.17001 28.35 237.2 0.36 60.12 37 0.391 1 2500 0
2019-07-07 11:56 0.171755 28.03 237.2 0.37 60.11 38 0.394 1 2500 0
2019-07-07 11:57 0.17456 28.11 237.6 0.37 60.09 38 0.397 1 2500 0
2019-07-07 11:58 0.178959 28.31 237.2 0.38 60.12 38 0.4 1 2500 0
2019-07-07 11:59 0.181182 28.35 239 0.4 60.1 38 0.403 1 2500 0
2019-07-07 12:00 0.185069 28.23 238.5 0.4 60.11 38 0.406 1 2500 0
2019-07-07 12:01 0.189051 27.83 238.5 0.4 60.11 38 0.409 1 2500 0
2019-07-07 12:02 0.191904 27.95 239 0.4 60.12 38 0.412 1 2500 0
2019-07-07 12:03 0.193644 28.23 238.5 0.41 60.14 38 0.416 1 2500 0
2019-07-07 12:04 0.193347 28.19 238.1 0.4 60.12 38 0.419 1 2500 0
2019-07-07 12:05 0.191454 28.31 238.1 0.4 60.17 38 0.422 1 2500 0
2019-07-07 12:06 0.188866 27.71 237.6 0.39 60.13 38 0.426 1 2500 0
2019-07-07 12:07 0.186867 27.63 237.6 0.39 60.11 38 0.428 1 2500 0
2019-07-07 12:08 0.187286 28.07 237.6 0.4 60.12 38 0.432 1 2500 0
2019-07-07 12:09 0.189394 27.99 236.7 0.4 60.1 38 0.435 1 2500 0
2019-07-07 12:10 0.190463 27.99 238.5 0.4 60.11 39 0.438 1 2500 0
2019-07-07 12:11 0.190073 28.07 237.6 0.4 60.13 39 0.441 1 2500 0
2019-07-07 12:12 0.188905 27.79 238.1 0.4 60.14 39 0.444 1 2500 0
2019-07-07 12:13 0.188543 28.11 238.5 0.4 60.14 39 0.448 1 2500 0
2019-07-07 12:14 0.189609 28.47 238.5 0.4 60.14 39 0.45 1 2500 0
2019-07-07 12:15 0.192097 28.03 239 0.4 60.12 39 0.454 1 2500 0
2019-07-07 12:16 0.195166 28.23 238.5 0.42 60.13 39 0.457 1 2500 0
2019-07-07 12:17 0.198565 27.67 238.5 0.42 60.16 39 0.46 1 2500 0
2019-07-07 12:18 0.202585 28.11 239 0.45 60.16 39 0.464 1 2500 0
2019-07-07 12:19 0.206972 27.87 239 0.47 60.13 39 0.466 1 2500 0
2019-07-07 12:20 0.231848 27.91 238.5 0.56 60.14 39 0.471 1 2500 0
2019-07-07 12:21 0.236087 27.75 238.1 0.5 60.13 39 0.475 1 2500 0
2019-07-07 12:22 0.23216 27.39 238.1 0.5 60.12 40 0.479 1 2500 0
2019-07-07 12:23 0.228962 27.51 239.4 0.49 60.12 40 0.483 1 2500 0
2019-07-07 12:24 0.22528 27.5 238.5 0.47 60.12 40 0.486 1 2500 0
2019-07-07 12:25 0.222699 27.75 238.1 0.47 60.13 40 0.49 1 2500 0
2019-07-07 12:26 0.222266 27.99 238.5 0.48 60.12 40 0.494 1 2500 0
2019-07-07 12:27 0.22178 27.19 238.5 0.48 60.17 40 0.498 1 2500 0
2019-07-07 12:28 0.22779 27.51 239.4 0.49 60.17 40 0.502 1 2500 0
2019-07-07 12:29 0.230532 28.07 239 0.5 60.14 40 0.506 1 2500 0
2019-07-07 12:30 0.232561 27.87 239.4 0.5 60.16 40 0.509 1 2500 0
2019-07-07 12:31 0.234451 27.46 239.4 0.51 60.17 40 0.513 1 2500 0
2019-07-07 12:32 0.233039 27.35 239.4 0.5 60.12 41 0.517 1 2500 0
2019-07-07 12:33 0.228657 27.83 239.4 0.48 60.15 41 0.521 1 2500 0
2019-07-07 12:34 0.226469 27.43 239.4 0.48 60.14 41 0.525 1 2500 0
2019-07-07 12:35 0.225798 27.67 238.5 0.48 60.1 41 0.528 1 2500 0
2019-07-07 12:36 0.227777 27.63 239 0.5 60.13 41 0.531 1 2500 0
2019-07-07 12:37 0.234464 27.19 238.5 0.52 60.09 41 0.536 1 2500 0
2019-07-07 12:38 0.241059 27.63 238.5 0.53 60.12 41 0.54 1 2500 0
2019-07-07 12:39 0.25895 26.38 238.5 0.63 60.14 41 0.545 1 2500 0
2019-07-07 12:40 0.282924 27.1 239.4 0.69 60.18 42 0.55 1 2500 0
2019-07-07 12:41 0.290286 27.39 239 0.59 60.16 42 0.555 1 2500 0
2019-07-07 12:42 0.272587 27.39 239 0.53 60.14 42 0.559 1 2500 0
2019-07-07 12:43 0.256102 27.15 239.4 0.52 60.17 42 0.564 1 2500 0
2019-07-07 12:44 0.246813 27.27 239 0.51 60.17 42 0.567 1 2500 0
2019-07-07 12:45 0.237487 26.58 239 0.5 60.12 42 0.571 1 2500 0
2019-07-07 12:46 0.236295 27.18 239.4 0.52 60.17 42 0.576 1 2500 0
2019-07-07 12:47 0.236216 26.98 239.4 0.5 60.17 43 0.578 1 2500 0
2019-07-07 12:48 0.243318 27.23 239 0.57 60.18 43 0.584 1 2500 0
2019-07-07 12:49 0.258998 27.59 239.4 0.53 60.18 43 0.588 1 2500 0
2019-07-07 12:50 0.304852 27.7 239.9 0.96 60.17 43 0.593 1 2500 0
2019-07-07 12:51 0.299407 27.14 239 0.52 60.18 43 0.598 1 2500 0
2019-07-07 12:52 0.249534 27.43 238.5 0.49 60.19 43 0.602 1 2500 0
2019-07-07 12:53 0.230488 27.35 238.1 0.47 60.2 43 0.605 1 2500 0
2019-07-07 12:54 0.219258 27.19 238.5 0.46 60.2 43 0.608 1 2500 0
2019-07-07 12:55 0.213326 26.9 237.6 0.44 60.18 44 0.612 1 2500 0
2019-07-07 12:56 0.205836 27.26 237.2 0.44 60.2 44 0.616 1 2500 0
2019-07-07 12:57 0.202125 27.55 237.6 0.44 60.21 44 0.619 1 2500 0
2019-07-07 12:58 0.203625 26.9 237.6 0.45 60.19 44 0.623 1 2500 0
2019-07-07 12:59 0.206773 27.31 237.6 0.46 60.2 44 0.626 1 2500 0
2019-07-07 13:01 0.397858 25.73 238.5 0.83 60.23 45 0.711 1 2500 0
2019-07-07 13:04 0.362504 24.44 239 0.55 60.22 46 0.724 1 2500 0
2019-07-07 13:05 0.366823 25.13 238.5 0.8 60.2 46 0.73 1 2500 0
2019-07-07 13:06 0.379729 25.86 239 0.8 60.21 46 0.736 1 2500 0
2019-07-07 13:07 0.383666 25.61 239 0.8 60.19 46 0.742 1 2500 0
2019-07-07 13:08 0.382243 25.41 237.6 0.8 60.21 46 0.748 1 2500 0
2019-07-07 13:09 0.379351 25.74 237.2 0.78 60.21 47 0.755 1 2500 0
2019-07-07 13:10 0.37532 25.13 237.2 0.8 60.23 47 0.761 1 2500 0
2019-07-07 13:11 0.37906 25.13 237.2 0.8 60.21 47 0.768 1 2500 0
2019-07-07 13:12 0.377523 25.37 237.2 0.8 60.25 47 0.774 1 2500 0
2019-07-07 13:13 0.37657 25.41 236.7 0.8 60.23 47 0.78 1 2500 0
2019-07-07 13:14 0.377637 25.37 236.3 0.79 60.22 47 0.786 1 2500 0
2019-07-07 13:15 0.379096 25.17 235.8 0.8 60.26 48 0.792 1 2500 0
2019-07-07 13:16 0.379612 25.41 235.8 0.8 60.27 48 0.8 1 2500 0
2019-07-07 13:17 0.377393 25.05 235.8 0.8 60.24 48 0.806 1 2500 0
2019-07-07 13:18 0.375561 24.93 236.7 0.79 60.25 48 0.812 1 2500 0
2019-07-07 13:19 0.37457 25.09 236.7 0.79 60.25 48 0.818 1 2500 0
2019-07-07 13:20 0.374989 25.29 234.8 0.79 60.24 49 0.824 1 2500 0
2019-07-07 13:21 0.373511 24.89 235.8 0.79 60.26 49 0.83 1 2500 0
2019-07-07 13:22 0.36988 24.85 236.7 0.78 60.22 49 0.842 1 2500 0
2019-07-07 13:23 0.370643 24.73 235.8 0.78 60.22 49 0.848 1 2500 0
